0.3034794815397484,0.0953908525812082,0.17890883190854545,0.2348214679403096,0.13581726337588676,0.209572807424399,0.3105398601351925,0.2288030402689394,0.1307959102185357,0.08262081100139107,0.0894281027386453,0.10426683983069432,0.10923019310436217,0.1237229181272374,0.14586099124447668,0.12660504910510972,0.13906085041522662,0.16584642710172243,0.21340437229756734,0.24455927725559495,0.19544540709049785,0.15447796610505365,0.16388837032844625,0.18039226204808995,0.14605935908237427,0.21575098403704462,0.23331490403842028,0.2526946274784902,0.15262135447423503,0.12133831848264513,0.2040652963370384,0.22696546563804976,0.206665403449034,0.18975851569123972,0.15389035961015796,0.14960758677107305,0.1792016801596543,0.17943684336595056,0.1497916153177356,0.15014036859917396,0.17337044981182417,0.2145953382050319,0.22147659446020154,0.1321107988590654,0.13111276488816515,0.2235345694995882,0.20802881047621496,0.268258658767585,0.19922346797370538,0.20724461415061976,0.17251429112258407,0.1155855734873491,0.11843586591829117,0.12143285123844103,0.13179569549940662,0.1389469712132034,0.17382858621703948,0.19907239965135548,0.1890382410132405,0.19517381893330094,0.1264179488950317,0.11505328694594591,0.16274397919588793,0.21990389444185524,0.2748723273999742,0.20579219132287238,0.20440073297301375,0.1709470158379689,0.12786199971506756,0.13091325818954788,0.10338497697086625,0.14478478186682328,0.16292245891179566,0.19184434560652391,0.17885472090959953,0.199277732681346,0.1403241663103395,0.1408289892609904,0.1311743299157427,0.13634835444847587,0.14334211794670926,0.12369109971312198,0.15660185337175078,0.2020357267902157,0.2922379723196839,0.13719373839557758,0.09652167437312252,0.10554483141973534,0.12649929418482275,0.12716477067434648,0.14584908941175578,0.16887412641730826,0.1676233944880666,0.22963604109471397,0.14887576799557523,0.163497149092466,0.1643127091514447,0.16626784365035868,0.22524798711445634,0.19539961681169585,0.1647242244656873,0.26566428305804873,0.2469163231772419,0.22469592874985,0.18898379095984752,0.17021640316100736,0.2004222227698316,0.22075931033310087,0.2090651746681837,0.20853518557550987,0.1493028521763346,0.1345901592525669,0.21128855718403636,0.21116461364718453,0.17154602887760298,0.14140774057037667,0.19061206391445762,0.21269005827210458,0.25444354047900275,0.15367572861208798,0.11039686355521518,0.11267617037912106,0.21116477933630676,0.1758102176900225,0.061123979398495856
0.05531038612803226,0.11863108711126988,0.11543967506578545,0.14849584009957725,0.22578241857623668,0.30615836723632417,0.3482599621619705,0.2294425177648085,0.14345219747255913,0.1302653963614796,0.14685775793136657,0.14539669485556952,0.22027033090600334,0.23154547979795564,0.13724006315119208,0.10664777526935267,0.14794629700673342,0.2167516405295437,0.21788103248645505,0.20192902125339657,0.1582777923187294,0.12214369474959749,0.13974678195441714,0.1534721743656434,0.12796597406396581,0.1231576006487903,0.13549807823022714,0.175321279380802,0.16735895763666148,0.1253574399466868,0.16541207788809598,0.17276714697482753,0.1585291039313552,0.13365535064242504,0.1199663415844001,0.24297092294252884,0.18387342450617186,0.15289522798881458,0.13396593863302134,0.11843499112591041,0.13340523858003256,0.14841681594669176,0.11693313035525481,0.11941470027429367,0.13371953068639655,0.2034824502475056,0.1976946052231116,0.17683771801386497,0.19890893407502322,0.359800534602239,0.1902833555745655,0.17184392443780835,0.19609214991652452,0.1659381360736097,0.13290188155879437,0.13842736486084953,0.18059441320305233,0.18332504109310652,0.12221333487460775,0.11607139179171513,0.14184742847585247,0.12025936220335506,0.10280356961493088,0.11358632048826274,0.1720080001590469,0.22313867575405372,0.2195144201332673,0.15787627020162978,0.16194322471477104,0.14017627238187616,0.12404152044410803,0.1394845746314774,0.11987925651357909,0.1568047071888494,0.21812146152050765,0.16987528274982147,0.14914416497283076,0.1293323784637921,0.12404904480203177,0.15780621927157307,0.15149781864193226,0.10832923845823278,0.10857231676267358,0.14254183473918014,0.16244294522294814,0.27436756767463366,0.19673119026877395,0.15363606620206113,0.15453979704871879,0.21209574103378456,0.2433619447393359,0.1975515268282494,0.18747332620688212,0.19130008363110718,0.18980665356946014,0.15335443148788186,0.1317377018006375,0.13069602858794863,0.1410560573487522,0.18850415239019455,0.1900235699307301,0.13128500527044581,0.10889155093005437,0.10909434434042271,0.14185157560191808,0.17089487016130878,0.15973169889556868,0.17618224925436665,0.1650746783001336,0.17490937322436909,0.13687312849281702,0.10881635248450579,0.11417567886546577,0.11226332599599126,0.1123651925836107,0.08968511234493899,0.12849350003055277,0.11847370800009308,0.1355414149585135,0.11669215763912168,0.09149675309074332,0.10383918372757418,0.08851305426522064,0.1076548631657433,0.15797800985072238
0.12077132962741233,0.11161781978096436,0.1179311964416782,0.09967011126192658,0.11670445463159555,0.17449821061118512,0.14828151198389825,0.12367146731359588,0.10805197763210743,0.12413202928004399,0.14857026045909424,0.17353496145938604,0.224666264007021,0.20007380895676638,0.1360813215118719,0.12885982190329598,0.17006487897888217,0.20448553377894255,0.24388576868041317,0.24782908947302987,0.18909762626427265,0.16474915516044902,0.1556895736387304,0.14671740675923745,0.1769855306578318,0.25027749083505496,0.23648628443698494,0.23958310825150236,0.17768121548533697,0.1646152763105669,0.20901129418062392,0.15418654284809868,0.16166280053491405,0.21846635512552004,0.16923605862397362,0.26317808419345884,0.194744293349424,0.1478783072983184,0.12381726046484984,0.13559985027710647,0.1559349239833654,0.17971327876481252,0.12566817828512922,0.16435242515566453,0.15942613776460593,0.14576056982954194,0.1482263952782038,0.10746349065023333,0.13497767856177353,0.16914611553554545,0.12425267964691665,0.15963218984953237,0.19217792457173485,0.14335427320128774,0.12568723151423639,0.11251403008854327,0.13152987848081973,0.13295803257858727,0.14284740567575152,0.16266450118177897,0.1579009270429994,0.13654411862356347,0.12511282105291477,0.12104801739237864,0.15415524929632193,0.22069688562816314,0.20987165326953375,0.17824633549341215,0.2153649411127414,0.19028775502536455,0.18479254467423156,0.17482944183051904,0.1371071866323128,0.1715336886536237,0.2032896173520935,0.1645278258101182,0.15523186780268983,0.12818378308322806,0.14301635166470852,0.1431674009384627,0.14431504671681925,0.13276248282408235,0.1353035206247359,0.12609410206491892,0.13837866765571707,0.20798490095305366,0.2528345902058224,0.14454450189931536,0.1386937980991171,0.16845060632933798,0.21398928013879812,0.156510868715926,0.16440377282897972,0.17604001563294275,0.15406893897565657,0.17678880055448462,0.19538014155247382,0.1306680440270617,0.1385657995010052,0.15007357479616207,0.14137464927247728,0.1480953329936631,0.1757672276508708,0.16817666282291543,0.17437864959150767,0.15130383735468927,0.11989362748239114,0.11719042967736659,0.12681532777637883,0.1261831234264141,0.12760007052275102,0.15252569535157398,0.20405839971947987,0.19361261180002035,0.16952845631498972,0.12998969091646123,0.14835265444252244,0.12270810256413667,0.1342971827668627,0.1571890277844294,0.10384774642956898,0.11928820943816702,0.16273432011272645,0.13366926109854307,0.08964829196824675
0.1740936711922898,0.22563763202963677,0.19352328117727022,0.13356253804372364,0.12643283699939914,0.15174516515289052,0.11652902536445105,0.10801585639925923,0.11337539552490293,0.09984265924030289,0.14214499435881509,0.1532858074050109,0.19595698571631498,0.17325191741184964,0.12748832505626728,0.15126080888893773,0.23540300232435585,0.26368889911401006,0.27039344224122086,0.2563517076137132,0.2572432035943943,0.22915140950727111,0.20870203810653826,0.16036690617451724,0.1328851298634734,0.17981293761264447,0.22822836045800088,0.2743576182287027,0.24619462711489926,0.21929906637266763,0.34364392983032305,0.3057730389754864,0.22443852196941608,0.20917212593350887,0.21067864454064267,0.2727855177695385,0.2657002759563241,0.19840486254214765,0.15268966038573725,0.13793093030051876,0.17469590749693037,0.18810174669029603,0.14235206059726643,0.1344039655498479,0.18160728319431124,0.19171132149381082,0.09714337964699793,0.10417355886395688,0.12113409431046934,0.14922374713626396,0.14852792403613546,0.15201572146857456,0.17491850880555412,0.1681795604918095,0.13621925880648264,0.1664475250217991,0.1527152209995082,0.12566375281921827,0.13986079693299208,0.135482550815009,0.11215632497837094,0.13594383146982858,0.13303879728037643,0.12356170428217642,0.2015415762242781,0.25775327305159934,0.2354392754759338,0.20617191902186965,0.19111560480242934,0.1982060171651427,0.16423045443189718,0.16393341655332938,0.21046509830267335,0.2643963006403907,0.190507824931264,0.15135178733753163,0.12221431447144916,0.1274497052692891,0.20903306554380277,0.22340427866363927,0.1976249377216166,0.12386919075741432,0.16034282441127762,0.19781055864455982,0.17405990284046996,0.2273996248212913,0.21962284603135082,0.16651648116832102,0.13701018881093205,0.1819884733131913,0.14677683119253176,0.11495491205841485,0.11015382968890862,0.1266030020320165,0.13263545999449747,0.1343291126752923,0.14905516795499452,0.13040616136165062,0.14022603923574065,0.14787154446334996,0.15404781590561753,0.15258240564701994,0.1456505670830563,0.1281848291795026,0.13383700942144958,0.13026716873600652,0.13630314514768296,0.12848155408845666,0.1448548869906775,0.1379975752910002,0.10767813605929588,0.11105355972990033,0.1407631914271653,0.19666330834442317,0.19480654258386734,0.16019237339028713,0.16730611640819829,0.171898156271521,0.1601515040277443,0.1312320852113494,0.10288511753827832,0.10904956326500866,0.15190451452894055,0.1202906905205034,0.1514963366563314
0.12755548172210335,0.1408459446557833,0.2189416052016137,0.17468750133328217,0.13803408771780734,0.15214763379509974,0.1425417062337249,0.11584378918640498,0.1278168346432445,0.13242918004995347,0.1800223165766198,0.17028957146203508,0.20197867372504955,0.16768057878102957,0.14417645460224499,0.14954140470544594,0.18928479319771524,0.19764455830025182,0.20500932592312238,0.1867179590451193,0.17964150827338285,0.15308377225327682,0.1333850616405778,0.1275248280364517,0.15709435729094556,0.15679002747407167,0.14571055376440406,0.15967190651744864,0.14457788706651198,0.13327573244728796,0.13244809894575746,0.15143225468836768,0.13715193932495787,0.17051126706932607,0.15682514391766536,0.262385830236234,0.2824450552813543,0.1842616677282401,0.14004506674672343,0.1409982914642891,0.15297192652209435,0.16031718828275693,0.14698776388258822,0.12179000055360573,0.14561535189310393,0.1571468867945469,0.1109365977411462,0.11336124615514007,0.13575957754340925,0.16265239403525292,0.15364213747677263,0.14768019382595762,0.19822684753567493,0.18067279029038644,0.11961013092589563,0.12512573226736906,0.15574035892703203,0.16771336737238635,0.14888529927715058,0.13298663818086298,0.1365968184921573,0.14888387485664695,0.17513014673178226,0.16879912605192737,0.21484634060438484,0.2146577148147932,0.21977323017528647,0.19063367172105272,0.1783889136904432,0.21121613693993538,0.21240640502218638,0.18013656032363098,0.30367188909461895,0.3417631583821382,0.2554233412414848,0.2179126184264604,0.1828178928362067,0.1354093655333559,0.20312700641303938,0.20266012980115714,0.14014605471302702,0.12203535894595927,0.11413861531418049,0.11508787389984679,0.17284855647773634,0.17815854907514483,0.1573202741844348,0.1745750266074123,0.1557173075622298,0.13238343974981764,0.1332278711491172,0.12293792363154313,0.12730595819834103,0.15465349997176725,0.173916430275322,0.2100129281677974,0.19426535302812015,0.14170598559388004,0.12368787700607495,0.1607836421561803,0.14540454997052368,0.15635043755906147,0.13953665291935885,0.11545823197501817,0.1545369186984141,0.17820836668790635,0.2021146299686896,0.22204516394605966,0.17063221684507515,0.15670034558101084,0.1526425008147855,0.13403045403649133,0.1187398587833902,0.13210270896422738,0.13777598161280213,0.12248922279803662,0.16062022696545367,0.14675714170611398,0.14492179897421936,0.1341228802399034,0.11300764519020755,0.15632968674544923,0.19068456506872444,0.12101276311126391,0.0984470245252194
0.2574665170386694,0.22962693051047656,0.3532026126473656,0.3585931217762182,0.26894629990345076,0.23377987070980738,0.1941595055249525,0.127163350798123,0.13845090480505842,0.14238380578141727,0.1715046320678598,0.1444208985052005,0.1625162824491121,0.16569460602760777,0.16449817527825483,0.15005835729557404,0.157176980741367,0.13959521001592148,0.1547312818560091,0.16259240551654985,0.1616439055959521,0.1506832574977493,0.15178221677845727,0.1349853135699054,0.17190615013461905,0.17991272040353554,0.15352585492537357,0.1249893307416374,0.12765639346257046,0.14836567315717503,0.13496881896765933,0.12312169680638463,0.12231380698583459,0.14242641077940627,0.12756109797729148,0.18041603832393988,0.19076525851837217,0.20340620389728398,0.1900982327183442,0.13232941445124838,0.2184917143035435,0.2525308781893719,0.2760313327711226,0.13663168398476122,0.17646753290444092,0.18496389909169342,0.19309531418209153,0.13469780778995305,0.11827820444545224,0.13421786904040245,0.11056047621127589,0.12043138964036207,0.12245152226116188,0.1419094132296476,0.1306891415044893,0.15700850800986915,0.17156891257098505,0.1422791327992151,0.165434411368561,0.19035056464003366,0.1559764411332716,0.1589712250604232,0.21335567691189075,0.17526696538146097,0.23951218348409015,0.24632242829474993,0.17658070950758248,0.18967728391105937,0.2403263088608943,0.26500892743245913,0.227173479875173,0.17417023601729115,0.30630656525803657,0.3545720920547113,0.22745408401368084,0.16776654111838285,0.14896079011899693,0.14083139902596764,0.23798669777928624,0.2603829773807718,0.1814726428915416,0.14036124658660476,0.1448140329042654,0.10730297305084116,0.1274672948045019,0.1588671304132815,0.22478125202174912,0.21360370985374272,0.16146464582547138,0.14321564690541438,0.13445480156933115,0.12319684079011936,0.10421316812209623,0.1188427352860617,0.1379362476315894,0.17946728985803137,0.15735211586239273,0.14456182553890953,0.13825069884769386,0.14112321421781995,0.10490681392310072,0.11491793393869598,0.11811373963011225,0.13458090185162275,0.14311234804636624,0.15627635960379727,0.20896755627296656,0.2020892491084037,0.1594989824735587,0.14479928336201692,0.13027210432600578,0.1594078831939223,0.13691314300247928,0.10959427780882822,0.11224067840288486,0.10921048784341367,0.1381838184943676,0.14516416773615634,0.13993811461542305,0.13448005346964423,0.1314564295535158,0.14115809614583608,0.1785726033796254,0.18300205487335114,0.17374473057600215
0.13992470156882628,0.25041813362834675,0.24912284961234887,0.24749381926715852,0.22128710661391474,0.2252754344619563,0.20136869979328828,0.11800080496326437,0.13721897372626107,0.14592090794724727,0.1206082441780924,0.1509295224883308,0.1845284091171127,0.19807216219859908,0.16002172969642214,0.11618318135498672,0.14241003483973533,0.17669089145365008,0.1974374247017476,0.16995550438560508,0.13114312470369682,0.13234299778259317,0.1496439073769673,0.13278037073623628,0.13260373910938678,0.1313908128651799,0.10675730728111232,0.12786722711657053,0.11412658897648606,0.11918289506152516,0.13575336369532845,0.140224113998978,0.15284264459100141,0.12080828301147296,0.11479319802849988,0.19474246099716314,0.22042984260847925,0.1826580502041001,0.18039956567519144,0.17229104922935767,0.19356173997061393,0.22237141768640958,0.37270284249932817,0.1836372154327436,0.17589140194799832,0.1528071618095678,0.18582957730672006,0.16326928023692502,0.1490236861620039,0.14810361776136616,0.11353692612771916,0.10489699033986397,0.12244219940689513,0.1563177057339643,0.16867567636097855,0.18699823636152862,0.16075311475325507,0.13971810452806746,0.1552153959986393,0.16552571426420554,0.17511012769148393,0.17714624362208012,0.177842299718811,0.14914949421403,0.17841526041366992,0.18835899120435404,0.17703110349751616,0.1795163581519511,0.20062569190941262,0.26760514860996004,0.2090455130685742,0.20963706718673253,0.2698551753856276,0.28688497970302357,0.21365151563309054,0.18165039750809592,0.1299886365148452,0.11935350726528156,0.1677438117355087,0.23430113822631213,0.17655139837678144,0.16312130371592992,0.17293067668860884,0.1695731104457998,0.15862441275006203,0.19826463925346596,0.26038237953403814,0.21572598868551723,0.1775221147652281,0.25117396370133716,0.17237618404560973,0.12858188617658955,0.1425123427545941,0.18727296959053766,0.2114264302679255,0.27841094057389354,0.22112009605502667,0.15692678186501774,0.14967555248312286,0.1424900710774394,0.1255385732920753,0.10829301572153494,0.13416512206465614,0.16225113824315793,0.15120216517619336,0.17550920172337867,0.212136971988431,0.20772098501212308,0.18682271614785018,0.15325135423013483,0.1454400756655878,0.17398840042640643,0.1372358604986819,0.11384170776150537,0.10566545761722378,0.12211605895837387,0.1389426836451811,0.13528904366048214,0.17217591331599885,0.177250049630824,0.12736723446091072,0.110107163321845,0.1098809289764173,0.1261663997617181,0.18768331527287702
0.13478094918495861,0.1889513767551031,0.28495299387815676,0.2323191636171453,0.29450963785665796,0.46213118950082754,0.360209897209632,0.16107162569153524,0.1718973398443742,0.17384569013174925,0.1771694630691682,0.16342493410256767,0.1874394180114253,0.19203362096706364,0.13461980810799729,0.1261193392905104,0.14666157303197644,0.15247612256111276,0.16611461437546343,0.14937628650649107,0.12217970891623818,0.12949706862437455,0.1581662323318258,0.14606186202006416,0.11658257960110865,0.10825606748047839,0.10100467062619425,0.11233935500262666,0.10995492916064133,0.12175272556157235,0.1364752590214291,0.16023411153637565,0.14797523215866018,0.15179741727763335,0.16440832525395865,0.1991471839634735,0.17842726624976207,0.2480213892732548,0.26231526789436393,0.24291044081321458,0.21106931970313955,0.2828499814126919,0.23635180359755756,0.1835100544634825,0.1593093830730233,0.1366725435145284,0.15777888106724394,0.13788203309930763,0.13193045316368832,0.10626580086771903,0.09742094939741996,0.11189404621348277,0.12497610136116982,0.1572867389176611,0.16083176016407347,0.18316777276635515,0.13542627894204476,0.13615594323989783,0.16174281424158715,0.18653154112309445,0.2185191222092385,0.2040201675132001,0.2196388298292985,0.18994432623287913,0.1700531755893136,0.17600778719160098,0.1804168591854292,0.1862263798330096,0.18304055736596925,0.23035957669254764,0.20454168402387454,0.25026201645018104,0.41870661856605407,0.3165524124150423,0.229396764860996,0.1801300746441237,0.13882163872907283,0.13129098187155672,0.17897758126846489,0.23854849837529313,0.16965138653331407,0.12155320924685019,0.15311047738271188,0.15527429772515716,0.11144228569691608,0.1688496431988865,0.18685182352490337,0.14075029778009368,0.13615469592327614,0.1802767403136839,0.12439294248796155,0.1377364192029365,0.15909716181751288,0.17846946527900648,0.14936992297605056,0.1599893733903841,0.16049916752842971,0.13927380872395737,0.15278442892531946,0.16312155281606752,0.14358972974146944,0.11049052489903846,0.13932404149385674,0.17009396899732726,0.16243839457315273,0.19314462933039608,0.23683788465355185,0.21659471388581064,0.2326023791281987,0.22854882842542298,0.18985875790867113,0.18188293740297778,0.13691818152869278,0.11173898341213365,0.10651755644586999,0.12679847094643784,0.15291351266946834,0.16424611188751082,0.19200115585985078,0.1652145896219491,0.12708954339087633,0.10272399143794839,0.10803012910850689,0.1417921766995541,0.18553509924908365
0.24705523869687018,0.2307989308189647,0.2029628490121295,0.22003458688625813,0.2930327891181652,0.4028148320510856,0.3952730161964897,0.2439148966806844,0.14753412751982536,0.1394574956936273,0.1553500817288373,0.147498846248249,0.14953532320912094,0.15049001239604823,0.13068025909607003,0.12008059476886754,0.14450992720136446,0.159612009025986,0.1660744425611393,0.13428449358093025,0.11695180839993705,0.12516985926891133,0.13800078709115704,0.1477516579496308,0.12335418302809908,0.12830828948993903,0.12126687929777512,0.15141400249918432,0.13589979529502336,0.11463094424599435,0.10840066807812691,0.11225386122350617,0.13143874681207213,0.12338536500243004,0.1376893387275161,0.12980576609623273,0.17793084782844787,0.2437458065381206,0.2289874604228228,0.3070428315217695,0.2232674329229729,0.3011063553644986,0.2839407139932793,0.18907835882342966,0.11577481946587997,0.12336662270015553,0.14281474762908003,0.13476998153559513,0.16188720135039453,0.14693083691998418,0.13287818696352524,0.12049739038317943,0.12981907514768642,0.17643240957610568,0.20236863576951558,0.2110796347979818,0.15046444850964144,0.16408480348705812,0.1611748673774276,0.15992437705611037,0.23539956352735192,0.25024869081610623,0.19626072895690758,0.16560022369046207,0.1834163532174617,0.15797036714319063,0.11980015230792847,0.133749494010784,0.16135014785490692,0.21540799744276817,0.18098880550918314,0.18453164994561874,0.2739176482538176,0.2442698032675525,0.22184835605292114,0.16957038497132873,0.12263588340440433,0.11429174631418126,0.1498818549822559,0.16959898606832785,0.12912719674367398,0.11965921976671501,0.11730118083214336,0.12269938182058332,0.11307500114890287,0.1347843869328494,0.15988305257680935,0.14376333203450478,0.1314884369400111,0.1426136860415922,0.10959201020893827,0.11307033418932115,0.12738491787004927,0.1553719985241385,0.17259264178965672,0.2200815418474182,0.17180018887142082,0.17092316238501035,0.1452215617394183,0.13257028180139602,0.14706682320719294,0.1297566211370004,0.12124083294879998,0.14853992441443742,0.1598946919969822,0.1556910561446872,0.16511144331811695,0.19910449706935904,0.24181933129441166,0.194293549594369,0.1542624359460868,0.20165213830629347,0.1654369502498429,0.11825878583189915,0.09264663670423465,0.10951370058595059,0.16234539179642446,0.19019136361603484,0.1775887805758654,0.14676005264552794,0.11760807194127354,0.10176548208059294,0.11994715707957165,0.12345059107494669,0.14152627824592717
0.1815291093843816,0.24116932743422456,0.1704210446805276,0.20929721149937935,0.21914805243911895,0.3407361405087964,0.3401389011219881,0.2676926795005795,0.17456074642991365,0.1373272862644112,0.14895046616737861,0.1652871129217004,0.1536580277326572,0.13851667936711617,0.13178025651501915,0.11980382700242387,0.1534043372341113,0.20237855350797457,0.17912894753627678,0.12823928259658784,0.11977392058041889,0.1086088398538182,0.12454057976252295,0.14137151573914805,0.12806172326402424,0.14884066643123395,0.15171715429627367,0.1793223430161665,0.17420743036384034,0.1358638583973706,0.16214107794192503,0.1375824216614185,0.13718006539236022,0.127725681493806,0.11764704088958218,0.11387673455246838,0.1584909769005466,0.17510867032997252,0.2063453227486215,0.1822995909540419,0.1425181738376218,0.15792801186819874,0.2080097541838096,0.19848770023471957,0.10042346161017149,0.13245014416746453,0.1810769530614279,0.12659871270769177,0.14664530900797976,0.1279460806804165,0.13210817917309475,0.1314136627388616,0.11795700432804722,0.145277782139252,0.16937722472579708,0.13456903842670725,0.12752386559212864,0.1594177336369976,0.1465838227851388,0.1368939251453874,0.14120478932924535,0.1440626963475533,0.15884777566845393,0.1427755826176615,0.14248993984066402,0.1273852775011034,0.11134473296726047,0.120977868635175,0.11977079097398123,0.15432152795838955,0.1570570387143246,0.16455727208561852,0.22797443999821893,0.22320682326133026,0.21376026471430318,0.1815525212616731,0.13107210664020968,0.10182437241572141,0.1648088706381377,0.14835187975198375,0.10678871227429854,0.12199038099394607,0.11448263243224871,0.11236930607771874,0.0972134816638301,0.12575304307292567,0.16495199213191916,0.1645035733611241,0.15481373315398467,0.11310471437339317,0.13659075880740415,0.124842505694768,0.13275589553159614,0.12818746157357333,0.16192578939303343,0.1868127586730239,0.15519236743601672,0.19187452823521517,0.17960569831554155,0.1577160266339463,0.13436545759920882,0.11964203836086132,0.13044991774002374,0.15223118522457793,0.12989799862650864,0.11183879584864702,0.15124694897282293,0.15726604491407575,0.1714287571804962,0.15715707737148163,0.14136677757338623,0.16724112650746864,0.16572749551924001,0.131626246316559,0.10595270729108557,0.10641773989789809,0.12950283337788462,0.13567993551184765,0.16290838400764074,0.12561450252405426,0.1414546694029941,0.11725161183981268,0.14775399141272744,0.1180499087150067,0.09035892638519374
0.10655919907068644,0.15890820223643387,0.12002169931462497,0.16175014863269818,0.158981806588894,0.2282081349346988,0.18500284856226581,0.18722587822155065,0.14667203016438632,0.14030686219864344,0.14347733771788124,0.13133539780081926,0.12245271506992184,0.1388365896245579,0.1345071119542927,0.10712558762666476,0.11824004880554706,0.1787690606573441,0.16213448762401828,0.11909931106536967,0.119518784437955,0.11300414818049083,0.10646888774873083,0.1142466020492915,0.11147112972650405,0.14154547636751547,0.1606580391663847,0.15860519835840103,0.17287041628330838,0.14104144165117932,0.15649798164321277,0.1476138521461705,0.14949367609702846,0.11369963966370536,0.10443355165301998,0.1249935841204935,0.13323828210074612,0.1567057272390343,0.14842264597164223,0.1841157327032855,0.16017596506579215,0.15524335022786204,0.2046936336029826,0.1667474325778994,0.10909652932954941,0.16336208700871663,0.18126066073253955,0.1070797362855054,0.14698010984664733,0.13008747266410675,0.12585369095648452,0.14051681795465534,0.10887992132319865,0.1266445262026138,0.12114232364952551,0.13274662982190377,0.19044063499185018,0.2752204040389786,0.23574389412173416,0.21235696830737183,0.17851269120144558,0.18710936642316342,0.22386544568391248,0.18786001891749043,0.1918373647360958,0.15516225319931368,0.12940087460446476,0.137309741127795,0.12400191843682723,0.1357425524915373,0.14224648602088835,0.16040006052296155,0.21044279983840394,0.19909682280875285,0.2717101886315328,0.18556460622031903,0.14617169936881427,0.1577432119226299,0.23806948967614744,0.1680657481536764,0.0969945993620919,0.10963436939572267,0.10171047536410967,0.12264758636610248,0.10173421929016956,0.1158411307865474,0.20595293197619713,0.14330411364394424,0.1660801178602269,0.20024016392953442,0.19413136923690386,0.14306568858412338,0.1447766643879095,0.17802477109835685,0.18800301238716893,0.18953513275695724,0.17337710004051488,0.17059701746447095,0.19759980513858194,0.18204360185194537,0.11745001383589884,0.11764496602990342,0.12045410517443252,0.13164190411341808,0.14368971436140626,0.13279960524737414,0.13870156938185452,0.15350531816547633,0.18423304504228696,0.17436180911998214,0.14778289807764947,0.15732270210463467,0.13774943958358554,0.13198440413063622,0.1143798736400718,0.1132942859194982,0.1720583346872288,0.16826040798194222,0.16417757196580335,0.12768326296633684,0.14787665175318296,0.11227064381920476,0.13877967247365414,0.12946327684591336,0.13257896094961738
0.13638271735079222,0.19537085571995566,0.1454998412741751,0.16773539654739195,0.16061226569761428,0.1970581591220691,0.1930950496463446,0.1442935520813609,0.1341576542402551,0.14504704539185626,0.1363060650664703,0.1281251645814459,0.12792384912516133,0.13126312198228202,0.12218313203757729,0.09656380018402265,0.1001371171534898,0.13113568146016655,0.1365360018267219,0.1301906644960087,0.13808319728086932,0.12713173807400552,0.12268444357583343,0.12944111315484197,0.1186222121530577,0.16305261011842537,0.20285851296912916,0.20208623896092479,0.2005882191627949,0.13917465319339273,0.13082230749407886,0.11657690462559794,0.13440656950703267,0.12937877787370988,0.10911807673188265,0.116334304373172,0.12774099772959438,0.10764911347792917,0.13659989740344325,0.14915748180190802,0.13702949338442832,0.1205002371507167,0.1835309118785791,0.1459804251122768,0.13146581352648,0.14587981554058782,0.17026793632591258,0.11954787265900108,0.1789279509781241,0.15384132359106692,0.12827238050281137,0.14660005242678442,0.10697035465287268,0.13529566040777327,0.1403047281374197,0.1409893162135907,0.1883852875492216,0.29378321992720774,0.3094200231042655,0.29622717598769654,0.24281080215375808,0.24021757997442306,0.31255827629881217,0.2880810299326288,0.2731021612397169,0.1903201383316947,0.13112789858234625,0.15100636376971655,0.14234484367685452,0.12709684556414833,0.14596950376917842,0.18093509819405218,0.18546335027222402,0.18380798409522267,0.29031616390259507,0.18785184147423847,0.18807092764166858,0.1761900856484161,0.24491159448089567,0.16124869424241792,0.13868835233944363,0.13657426583759297,0.11313916686866549,0.1308296496488403,0.12319188487231617,0.15268223195761288,0.2181604993756029,0.18670625364445473,0.17883676052507758,0.27871770924170436,0.22661198073697292,0.15103814601311827,0.15159311659246388,0.21600169802974076,0.24529105219980946,0.2055561473395247,0.18106510211873234,0.14588180319471478,0.16120599006685093,0.1548118876750207,0.12955431789259894,0.1350173518204596,0.1398567154852342,0.13996465203509845,0.13950694541540598,0.14864241442715453,0.14675721786204135,0.16267289226328974,0.17865162676921253,0.15528685500807737,0.1534115390249376,0.16589727565559398,0.17032602425264232,0.15170431866349018,0.11881344218641376,0.11268914505090093,0.17775931164810826,0.1551626886593983,0.16563446218929787,0.1633646345782308,0.1258160505652382,0.11142260249917182,0.11506857005252182,0.1345865801973215,0.15401367611527728
0.19062524613006113,0.29884054582982483,0.20773752330169126,0.2225904613886495,0.22992641849374656,0.25529175767098417,0.22128967740292668,0.16985127735984398,0.15976721448451442,0.13485130897533565,0.1444398114787079,0.12834226160556794,0.1418496246469155,0.12539399443786503,0.12298179112129647,0.12735738463715823,0.13885772872569677,0.2008646431925119,0.22706024713733564,0.1660501395944874,0.1554734987661663,0.13646704241559005,0.12949823039168282,0.14464527269230895,0.13619954013769325,0.18190063761409306,0.23221183474006352,0.2788106829309284,0.23687022580773096,0.15338405711264158,0.13224276753720243,0.11811512067740115,0.13467713710067516,0.13172898923582999,0.11609303930328123,0.11385085300495876,0.11687321139886434,0.13183290391054972,0.15517277077877104,0.14649880254481717,0.14116103964589335,0.1396808416654606,0.18465417520103528,0.17451912634021333,0.1614862172257578,0.17689237331956964,0.1618051447766944,0.13854240183144595,0.16868980167403744,0.15576643376177038,0.17678470085460138,0.1793795249865821,0.11842997336156383,0.11097850251418988,0.11161390591940187,0.11595489423290392,0.14395447274502865,0.22156366014868778,0.25789497177968645,0.21795880118899613,0.1664822012063497,0.1560328467560296,0.17466922766965826,0.17009687197840473,0.18401599808406238,0.138102277364402,0.12654592917276913,0.14235969078319943,0.1350153062765615,0.12641121999664454,0.13481923912199262,0.14107390794518707,0.12863892882164552,0.16184996417522313,0.1747773616195379,0.12043245196675309,0.1399038586178867,0.14628699247258134,0.16948764506382552,0.14959487084483888,0.1631887561784935,0.1332115387866432,0.1139478655729912,0.12518766815229615,0.12709728439748127,0.11472020174167309,0.13586265772628184,0.13165667307224127,0.15107512923848332,0.14214040943776096,0.1752328018635511,0.14630381211866783,0.13661238356767438,0.19485164640849179,0.1790815279243458,0.1595311323284223,0.15242294857074462,0.14048903961057474,0.1640859153036898,0.16841636539925858,0.16985798123177817,0.1951651640488259,0.18107881806144782,0.1499179045019493,0.1405311236838996,0.14639083019709753,0.1323852452965736,0.133555847985516,0.12223627541600965,0.10219753461824341,0.11267844703927853,0.19922478395689944,0.18561924954145337,0.11090675243050568,0.11770180768973089,0.1342163096011313,0.1455237481555397,0.12845890475263133,0.1443305678994729,0.14217883290536312,0.10099739223624012,0.1162506074514637,0.1101595492675033,0.12536166779804814,0.14824737669795396
0.14054556946269736,0.3917475803897609,0.25762951642631704,0.17769680335059063,0.19195512273642745,0.21826735441213468,0.16114582334286887,0.1497422878270727,0.1697336761391125,0.16761827911136712,0.1533331214111896,0.12918574166417046,0.1554392896545937,0.13239929172374182,0.13337641345067644,0.13365749855030176,0.1538066852808586,0.24711991361564864,0.2907156679237062,0.20615550366743077,0.18913390071779418,0.16607316396253416,0.14709526931409495,0.14794443268504698,0.13555062842645033,0.1618334934265072,0.1770036643307974,0.2839455744544074,0.25688919872530974,0.18759972700644817,0.14086644843959553,0.1242821406479645,0.1553932514953466,0.160698392499778,0.1322450223951275,0.10675952636699192,0.12095207753051583,0.15414978219160405,0.16806496531708742,0.19041348684244558,0.18871818348505093,0.20835139778101663,0.2016600662432046,0.2681488532735449,0.2244953754534834,0.23417245533752437,0.20783975914758485,0.16173710798010893,0.19861969713360605,0.22423363265740365,0.19938503211693198,0.22932146996506114,0.1838131188843396,0.13493883706090065,0.15605817453331206,0.1556812093459222,0.15240141513348976,0.24585215565227087,0.26250592495156927,0.2101032608195972,0.1925431835672154,0.2034909767648279,0.19214211294867667,0.15398914848714398,0.1592234482546578,0.14371094708299087,0.1498093942922021,0.14600813851604333,0.13942118446832966,0.1531635200177349,0.1490393905849952,0.13013171391683337,0.12186334089028497,0.15093615386546488,0.17041178103173227,0.12761752966670908,0.12439539953155121,0.10786146310822842,0.15006557234727766,0.13739026286598877,0.1478212910553212,0.13107284993915924,0.14961417971970187,0.14004632867505756,0.12921038809212765,0.1174473751606752,0.12893834524070194,0.1355052987015833,0.18627424247183882,0.16541208410037908,0.18165169819086519,0.15295899965037996,0.14408226854287343,0.22714988095143074,0.2291497382191312,0.24370101813216638,0.21899515744109085,0.13102106072495112,0.16250637215638525,0.17258718594169214,0.19987874903726066,0.2586498600632856,0.21079684387102837,0.1564663657495981,0.14028489517393866,0.129732964744876,0.12625169333374783,0.12867824622376328,0.11367144023932407,0.09118294062050039,0.09441834288944032,0.14619785900762597,0.1531389208096827,0.11697203720000339,0.1280498257701434,0.1314064209800571,0.16483822314159505,0.13348843856228365,0.14423865046312115,0.13940570374498112,0.10321752779361248,0.13509285919971648,0.13889811012414283,0.12817519341339134,0.1085894021464588
0.26599149676977507,0.4237624734077733,0.25381403892762205,0.16322278654950534,0.2055727277520994,0.17820652538478138,0.139339869940426,0.11789307948211278,0.1463437351175575,0.21423845105414618,0.19293094560452345,0.13706727551065417,0.16391488740712395,0.1695494378197336,0.16649534824599016,0.1258544919801256,0.1428111149152756,0.2090736000568098,0.2352551776649853,0.20399942036494462,0.18609747363396542,0.1698863246713771,0.15376711057648695,0.14104913641146802,0.1410693314858642,0.14677712598173356,0.16004673219894616,0.31325526603446674,0.32840161847863814,0.2389365419993446,0.17325179889043524,0.13130580621883964,0.15880445987118488,0.17148891376270525,0.13167622571591753,0.12293775505068374,0.11892650065270603,0.1223280683063778,0.14648904346302463,0.19742094787873354,0.23984526660960964,0.23106587271380652,0.1723122235817532,0.28424881165039656,0.19012193170283187,0.20005443508823745,0.1917634620020898,0.1652796885411738,0.2025122591992567,0.2558424172468029,0.1541787083186003,0.18217457319888758,0.18630352434142386,0.14857091210618284,0.19853020171721433,0.1891130364269203,0.20615921765665207,0.3179986246567204,0.3121015739595519,0.2560588500598706,0.22540023546233143,0.23158437504431567,0.22462648424174686,0.14790477626804865,0.16746813205457609,0.16147401078126516,0.13499448708175854,0.12694545765967447,0.13228418479454637,0.15501022885768254,0.14780183917114958,0.14091897959638933,0.12613730838328588,0.1713915016310641,0.16345436851274583,0.16816117234866712,0.12952825677915925,0.13479891171008818,0.18484681372733794,0.15766219557353134,0.15958559309207074,0.14448037919861706,0.1674356972921056,0.15004363692658867,0.17813904623246785,0.13432881056640536,0.12879885115500855,0.14652711731727605,0.21916026849987535,0.1707633455052971,0.19710706794186356,0.13073364899699577,0.1524626102477868,0.2250418763389292,0.24439893854964545,0.28984980868085075,0.22190471248078036,0.12156393271802136,0.11819136651025491,0.12263118596042083,0.1766559022525861,0.25877642256675004,0.2652950451298952,0.19746515255145408,0.1511278279199935,0.13556153342210375,0.13738231841538398,0.12713132987798514,0.11324736235604767,0.11590985707224366,0.12730080722195097,0.14516572237515563,0.14610230699215368,0.12117178675261045,0.1113757864353856,0.13243969134148786,0.13799539751134668,0.12220191890640057,0.15308038781063193,0.13198337056153245,0.12806937693674955,0.14964691730929122,0.13645015883658526,0.14821564757745415,0.1103553851735152
0.2783340056768546,0.3242027172765266,0.18024445174905923,0.12957797605625465,0.1853787124957096,0.15452911149046053,0.13096920411714302,0.12209490138023987,0.12218509913799125,0.1515752298541278,0.1592782702682263,0.12931382519621368,0.15880954092933638,0.15077571329366266,0.1607497909335491,0.12262625130798037,0.14816741859577598,0.20928762230050518,0.2048692522483349,0.16777050171439845,0.14888636092076202,0.1458377084583296,0.13396025940300038,0.12514310338488094,0.13261736999388488,0.13852863599183893,0.16812100236124725,0.28762812514365793,0.28181805421159145,0.2171289964038024,0.17946153632598097,0.14063175441498338,0.16101042888660105,0.14569351311217507,0.11699311497475279,0.1313907612787484,0.16469851128892,0.14325958149284854,0.13943169219792031,0.12513778526314295,0.18513652148163262,0.17781125048035346,0.13755041052272507,0.14030698276370507,0.12468853668944946,0.168122854620515,0.15847358721862065,0.13954254965826218,0.13894949795237052,0.15844466096609697,0.1328651032365853,0.13750259328215084,0.12548049475544043,0.11315917790381433,0.1297402441239366,0.12076438816821558,0.14565683502881144,0.16902952156997075,0.18240903047078716,0.17624458562349996,0.16478158843321877,0.1547848737176286,0.164849466009953,0.13602939006727222,0.14102633823121075,0.1407011936685713,0.14857705894566176,0.14325732593232446,0.13972379087110637,0.14507392545713904,0.159239856644688,0.18442383012922492,0.15487689827693224,0.1659061102993281,0.1501514154669979,0.14934961053563856,0.1465398023987942,0.1473940043819929,0.2109009022200523,0.13231736897234278,0.13266332529190558,0.13612139843341314,0.16503675968108708,0.11232257124871456,0.1745093788346514,0.17543775929200037,0.16060041423196447,0.16076741566002622,0.1966317905003857,0.18945422039289744,0.2248644855925659,0.13950715380490913,0.1980148266825332,0.331506281335913,0.32335225126718325,0.3861277899055586,0.26359597724327594,0.13311391912173046,0.1310941966014295,0.1285566303734915,0.17946467834298271,0.2966988301160601,0.3384815000286022,0.22245278377399652,0.15226464567973483,0.1597136938595764,0.14719360363054992,0.12053413181663043,0.12569706890083532,0.12143309834401074,0.1382931624497834,0.16137745862244152,0.14752123032749692,0.11850393631042888,0.10869472017165492,0.11369253677616159,0.14105940285417054,0.13415497782142766,0.17800515500227748,0.13880752269361618,0.14219250453973026,0.1620370454772888,0.14993384324358025,0.14137324555194297,0.16000192196432894
0.1546285154057599,0.2766964549083438,0.16844812163208106,0.13346841519616573,0.16371166021711694,0.20022489091016682,0.14616886682438252,0.1428241608321671,0.11612732857090208,0.11038199750559309,0.15263337394183954,0.11986775140410416,0.12905105730159572,0.11108100342193154,0.10419875147315527,0.09898321897235574,0.13835646738891239,0.17669652681602582,0.15586819161204699,0.12292184143363541,0.11326193473150609,0.10925838277985016,0.10422091512506429,0.11523139890448195,0.13705675403134213,0.1504736224476183,0.15430396732123491,0.1556208555879035,0.16209298355404553,0.16690848007185966,0.1581485712468201,0.14191426493601225,0.20945056187170194,0.18263860052947795,0.11191335802659273,0.13230089940792458,0.16810864438312412,0.1503166771885155,0.1423604420664109,0.12360729160153557,0.16452079682965998,0.2342990638354128,0.13305673086506636,0.13353385586268812,0.12418025517232531,0.1397546265864828,0.15119365189916384,0.1562768675965886,0.1285471608885863,0.14193473843508875,0.10619012787121225,0.12567190752563823,0.12611264885606666,0.13195605938090904,0.14080664526622622,0.14516219066674296,0.12286907026409512,0.12887803839337436,0.13520406205214283,0.130581322754444,0.1297563304768968,0.14867374816103945,0.1815845382716641,0.1602006754419978,0.15675936439538043,0.15340618034637096,0.13499574129378925,0.12847809496712764,0.13921738622275986,0.16307190592295412,0.18994414131782633,0.22189592267586947,0.17260867916655395,0.1446142310603038,0.11561922666047264,0.13443930783761832,0.1543738160292939,0.12055941345539783,0.17847862254688557,0.11220928154920985,0.10466400345493129,0.12892115466441217,0.14998952436999613,0.14118219739701746,0.1579182305521894,0.16904529234977644,0.1663088674670239,0.19962056268172962,0.19521114480209376,0.19374324190072106,0.22306522575773077,0.12804278812540087,0.18904365484035565,0.31352624761213677,0.3186997234576258,0.3812999647943006,0.3165949471498519,0.15995673158491522,0.1310974968484832,0.1228707412729161,0.1561495463600231,0.21820028376709077,0.22153842151733558,0.1660094833362929,0.13839483092783098,0.1397285571764493,0.1432102004316372,0.13925887006489165,0.1339918950865244,0.13198572143172466,0.143412014062055,0.13596378688108154,0.14122305554481296,0.12899153954617118,0.1080497353441531,0.10494656058000672,0.11574375164239506,0.13276060366764694,0.12737191715112603,0.17145031275831296,0.16841069793902833,0.19394428134045832,0.17220901048793846,0.1664266133975893,0.1932566060558012
0.2249763063289516,0.2917439758553205,0.18056033444451036,0.18215955738775813,0.16833790486555755,0.19258475507433878,0.16686034369745745,0.18394501184466838,0.1485347018218098,0.11646987363681525,0.13064737794606912,0.1317580521920422,0.14757985512182117,0.1118680196378889,0.11521956752141285,0.12114879803275616,0.1542826438494769,0.20764937425137342,0.17069210299323168,0.13433436141496846,0.1371554439659699,0.12367081964627466,0.1078139177209787,0.11619376616383054,0.1387007405988958,0.15359924284123264,0.16038413478200103,0.16175779553600386,0.1434636221951256,0.12552980243947803,0.13059776100705586,0.13471042095146174,0.17100229991084964,0.15453121189507152,0.1246095143553269,0.12920425577975714,0.1295849836184249,0.1421680940945181,0.15366967480879473,0.1268333478832059,0.14850231667682523,0.257397671516892,0.12963647143242213,0.11400482001809126,0.12528755425744187,0.12468791038876749,0.16935863814920282,0.1699605486698873,0.1432378370729141,0.1445336279744312,0.10372486528151104,0.12193494748483819,0.13056622360702957,0.15365413647513831,0.16640725752480418,0.15496665364393947,0.11992652317646171,0.1341523427361951,0.13178084304897683,0.11611723739565002,0.11863797874126124,0.13316684667107684,0.18065290451274102,0.19655777527477453,0.20452047065939216,0.2135256946107366,0.17668607201582037,0.12535402443682359,0.1217620340206817,0.1499602726922281,0.17037421725325494,0.16321737788840388,0.15803732583850796,0.1674373440425645,0.13015029156931185,0.13933842536015717,0.1557257714967329,0.12159519866264065,0.12159996048158808,0.11686134790097957,0.10327916047794164,0.10000382312311032,0.13352254859463897,0.14996149679885012,0.1379302767537875,0.15765903019247873,0.14297130051801005,0.1525448445249446,0.15435531606742334,0.17002730196597265,0.1541189085250329,0.11197616066384705,0.13826731567269765,0.16275999438523703,0.15335334580361834,0.21297090852794187,0.26150105707770754,0.17361682271997997,0.12076053762219725,0.12239580275757189,0.14902781369200885,0.22493696242058253,0.2328416897988323,0.173596220714943,0.12289526874027144,0.12366765587912226,0.15000055183236033,0.14408803018697958,0.13698053521297007,0.12786383010183291,0.13202801114292234,0.13709209981119047,0.14666365366545814,0.13061817553536104,0.1242388548796848,0.10167971368876597,0.11178900510581419,0.11672221362306898,0.1192497458235339,0.19096689455346566,0.16276646026819475,0.20701322893990884,0.17290195945943276,0.17495450710561156,0.20758869323089957
0.2659481672426473,0.29409651020915367,0.18181171136996188,0.21636747353819158,0.2091217050862193,0.19662081425959177,0.17989000540047412,0.18651522671256832,0.17067682944351914,0.13328200330659173,0.12361082408286042,0.12869692329731083,0.14850722054397902,0.1291978409288948,0.15674785439539984,0.15441485136883776,0.13760513013582298,0.18679762916135084,0.19072732758074185,0.14880805263635413,0.16272265869009228,0.14780083120035903,0.1208658127161521,0.1185314328022183,0.11713003583102438,0.13461763657410175,0.16614905079145154,0.16456135438825098,0.1453793974802079,0.12611219666260076,0.11964176439926386,0.10849948607264218,0.16025382842830713,0.19594826293747247,0.2522500098398632,0.24219794326359903,0.19603704177200468,0.18667355552613224,0.15311937657806657,0.1609049860418042,0.16560998178652592,0.23986620704276973,0.14693910117459466,0.11374054238442989,0.15406018331561075,0.13939364155410153,0.186208661767773,0.15921099035326897,0.14435549814557777,0.16831100428940504,0.1403629272600904,0.1270369184855976,0.12077120183448725,0.15003999323550848,0.16500720505904498,0.16190191114586805,0.1314311511319102,0.13351549211753835,0.13896107088318588,0.1248887439278556,0.1215005880848921,0.13791654203498194,0.212989207829893,0.2660971840252268,0.28755571472364255,0.27021382042801645,0.21399524984393706,0.13302087502011153,0.11852853963201837,0.15021049879314724,0.16120998064800202,0.131246860147799,0.15772245494745946,0.17026576208364874,0.15136689886695764,0.1546818310551068,0.13213876911943148,0.11766415572877857,0.1298494940211773,0.14433015308399905,0.11700971272861338,0.1112786860102161,0.147183568186331,0.13586217643333068,0.11247051491457616,0.14647033340361948,0.1334009371121206,0.14137898086937034,0.14526759161044386,0.16255316968501748,0.190842591857457,0.1480437642992795,0.14132253719685475,0.14977913128338682,0.1524605058010489,0.21206656161190165,0.23120644908036025,0.191233529305892,0.13498681101653578,0.11591563259354748,0.1278498228103736,0.19239160868601224,0.20959985488439584,0.1550313995507118,0.11952816860299242,0.11027407686951486,0.12186018340860157,0.1246046657415348,0.13007841179802554,0.10953991418986478,0.09788288906431039,0.12215179675454785,0.1515081743312065,0.1216286457138686,0.10784986451229425,0.1059462339739437,0.11573766050899092,0.11742921277394419,0.11813401127752318,0.1488801990704261,0.15637769112605693,0.19279961711751759,0.16744816680982577,0.19025435095457272,0.22286732919271357
0.1993632393080528,0.2489891415790898,0.1683542471469413,0.16841739491992735,0.1991243929152451,0.2000666809179062,0.14457606572902915,0.14475889766893105,0.16831669258174348,0.18819537926515414,0.13995357958050925,0.15320676552122214,0.1519887603852813,0.14943247713059912,0.18984615228542362,0.17614386667890575,0.1603196277741785,0.1729018670103076,0.18493999545061562,0.14314579292641305,0.18267614216759553,0.21838798768148662,0.16460825009670815,0.1374298688529358,0.1272518521354724,0.13496941116649286,0.15222503186891406,0.16536944069594162,0.16071991234270516,0.13562868946135617,0.12223167463076856,0.13227498667999665,0.18252599630371982,0.2259142984258709,0.35906757734359995,0.3407989797519966,0.2522123520564328,0.2887369609464716,0.20757479435079562,0.2619290682115358,0.23573612189331106,0.32950875086186693,0.23094923599068792,0.12008638128323906,0.15332825615290752,0.17083928642327106,0.17352036010367614,0.18063367496692587,0.1595207596622037,0.19540791390802958,0.16219222246893517,0.13616581879372702,0.14592490896993027,0.16558825758835546,0.15701249848535542,0.17175351354213275,0.15348075481157636,0.1390566840798596,0.13081506285322306,0.13127329527001258,0.14727251919418208,0.17936178010713627,0.31997363070587265,0.3818466764588624,0.30602469468017285,0.2272578096035136,0.2014977965348886,0.14425945645585542,0.11161356700555258,0.1557532530636262,0.1585242851616678,0.13720900257129046,0.16026307833289524,0.1553861400237198,0.14778144831011858,0.15808700368754514,0.15730222052414816,0.1377134075440003,0.17045435059505257,0.1454072515345327,0.12286327673528288,0.13710639746420689,0.14332879300237167,0.1308650464469986,0.14522319825602278,0.14468851116960532,0.13166055868295706,0.14397482482227802,0.1155372118739178,0.1331132459700754,0.16659876022449757,0.12948191280423987,0.11029691645819861,0.16076610438662506,0.2175921587860181,0.24478096615195732,0.24111199799388583,0.2112726796243286,0.15368420451783787,0.13308970081702393,0.14942732678600384,0.1780092685379008,0.15852135155206865,0.12407800836024221,0.12053870025073907,0.10946139933587157,0.1057587576323259,0.12472130795222308,0.1270374501010876,0.10148275817673413,0.10147614261109905,0.13029559261489881,0.13388241617152483,0.12264855014655149,0.11484146806114852,0.1204565228420412,0.1070334753133051,0.11000794652664422,0.10883901056735742,0.14029365513227643,0.2020451633523735,0.2470056623158259,0.170600134661557,0.1602871127805829,0.2403779059864477
0.2503812808357373,0.25584041547130887,0.18693702939937595,0.19748333264691614,0.18260608677060186,0.26038147251971894,0.20094798839425648,0.14355513901547878,0.15705936034342333,0.1997646884087405,0.15609735062243127,0.1708575629497187,0.18433879167402045,0.1755576687974607,0.1703229325526074,0.16474510452207,0.1763785002121548,0.17772993396619657,0.17783111240510385,0.16580833681992596,0.2479138302427193,0.28167696811918447,0.2345826326008938,0.21463812071984723,0.1831700110145933,0.18777769428524743,0.18243279573243648,0.1948650580614678,0.20884267692443656,0.17832351272674102,0.16668884963003422,0.16724717423030006,0.16858846542313272,0.2216092514622926,0.30695294943564866,0.3161284712518958,0.26195677720994537,0.31415003828831173,0.22812523313107966,0.3022631920251243,0.26173114079724114,0.2611430408668752,0.20506318726524164,0.12593747435392105,0.12216014801873933,0.16696329181590466,0.1559246403174126,0.1802095195021275,0.16000120605110252,0.2151015716858961,0.19255548519641175,0.14247398746931056,0.1772988725949347,0.24017665084165066,0.23500658381826445,0.20736677816356464,0.18711399465533246,0.19558881850920398,0.14319120289349127,0.12978641034972574,0.1669998337078233,0.20963160797651917,0.3730376553908007,0.3788158591010885,0.27687060343569825,0.22031214563612062,0.19720940691654987,0.15012460274623585,0.11299785903303167,0.1453200329983469,0.13717928640939034,0.13766824352168,0.1648558304304898,0.1567034293387033,0.13449855786897538,0.1473771862765053,0.15400300134851524,0.12902659818500195,0.1583442125331439,0.14401706532763509,0.12899904229627424,0.1378651228865465,0.13702812622923408,0.11730141438471306,0.14878845728747558,0.16195953083851927,0.1388482429733316,0.13814580606675733,0.12312155393784675,0.1324721479228777,0.13501739782978064,0.13256496742484075,0.1341516645202504,0.20185066847376382,0.25555634157737606,0.19816042687498542,0.1707930284835501,0.17560141871154306,0.15201265683406373,0.15054741489705692,0.15928875896573508,0.20989215506678957,0.2020003720634297,0.13702413215487913,0.11636712630980553,0.10499459046098558,0.10757422128435341,0.12662275239369847,0.12116714755107605,0.09939951100122524,0.10643198347737562,0.14134861191762815,0.14662797360955107,0.1346385907851029,0.13004368144260017,0.15007700195132784,0.16142486936879086,0.14019405882766828,0.1328172767980472,0.136702148027457,0.1693468400488633,0.20051319323160863,0.1668910533834287,0.1737765765325191,0.18751270162321595
0.3619971114407704,0.592864631708305,0.3746983508414801,0.26764716399559385,0.2866355822954646,0.3545087139312615,0.2879419799392728,0.19770806416542536,0.1751752560597828,0.2049565049961191,0.15321532764513507,0.2024485834039475,0.24332638340520235,0.20031822295138113,0.16650195577707153,0.16968795512875373,0.22437618626871386,0.23100389980652458,0.18828343530739144,0.1562441668510662,0.24632320442003497,0.23779524849396802,0.18942852954469452,0.21590988376398573,0.1887042791844283,0.19622572606028263,0.1846645071276049,0.16893799534859533,0.1836502816862733,0.1890182729058974,0.17888076703439776,0.1779133211239769,0.14630277646100937,0.18480223627577042,0.2031396540455882,0.22704781451684694,0.2031633996910543,0.21106708484160341,0.167730822646659,0.20191493487430195,0.28279468360801824,0.1851362747162545,0.14648572590821765,0.15723455292194707,0.13484535227472128,0.17471904856412085,0.18851320854648296,0.21889677494292115,0.15901688673155506,0.2448815463488262,0.2074106577783129,0.1266762514811725,0.14007026101755882,0.19584918203003132,0.2202770508444612,0.21833423988298722,0.2045224524718136,0.1969980909797271,0.1597641789068333,0.15240460130724268,0.14851878723466605,0.17110416865495526,0.2726446454990768,0.24361913521784823,0.19412438497467824,0.17858170815691696,0.17035556208644984,0.15314609975828647,0.13754320265801923,0.13923804474392532,0.12447425207321998,0.1339565463837879,0.17729366216903378,0.1810708918034526,0.14693453361756176,0.11929045023688253,0.13761508620393587,0.12577433882285405,0.14264130387580132,0.1257385304510966,0.12154227420653084,0.12590620773057845,0.14864117134139845,0.11089821651507704,0.12668493243802342,0.17834393583450997,0.15802097345048624,0.12480564647620733,0.1267505010480287,0.12828873822020864,0.11986043708385266,0.13229736669778916,0.15550905314648658,0.18091076501921377,0.19307807500933827,0.14030323060044017,0.14758279044599087,0.1672934374215193,0.14854760329595967,0.1559371541703593,0.16245813070493026,0.23407580361618227,0.30638343656090533,0.2293607338912237,0.12883883540150104,0.10029178659658448,0.0961789564077623,0.10263385103968084,0.10871661123963647,0.09784733777311272,0.10545973122786742,0.14129220754675287,0.15364432880275725,0.15369320153029267,0.14249604397240007,0.17158128713847065,0.17672524666101247,0.15582722258801884,0.16438536731900127,0.15830495991782295,0.15017972440698957,0.12786780579094212,0.12793745272544382,0.22810488031491277,0.14616326418591097
0.2670057640480675,0.5086475117428492,0.3233563765132836,0.21623488706303773,0.2732781270315361,0.2975085628991347,0.24723950423461177,0.2016382480396046,0.1556433095464298,0.1833164709513989,0.13676494240925746,0.18193222373307905,0.24597041423547508,0.22384079479329105,0.18551774491784317,0.15973477253114876,0.20651048105453557,0.20677572927335924,0.1628161767376229,0.13752750163235403,0.19765967379578953,0.1862848650653543,0.13983288380967968,0.1474112502241018,0.1558637546074943,0.17190338856986662,0.18227347533385202,0.14924974539732355,0.14835540849737872,0.17903850152234946,0.1963442527298893,0.16781820814063764,0.1283775584860036,0.12720823893062155,0.13186735267409277,0.14300413387806443,0.12686170431225915,0.14158050428158586,0.14042284770968924,0.1676593555350388,0.231293399860144,0.15222572642211246,0.18302275035999716,0.1416896276267847,0.13471844879293057,0.18323293743300267,0.23268501476526715,0.2907730908590931,0.20282394897457706,0.28267812609937604,0.2723108672750447,0.15033134497523612,0.1550682534686516,0.1346571403980643,0.15001176587177528,0.16798416268623248,0.1670868481606217,0.14164491855853928,0.15617802104949008,0.19022660276737632,0.17714832984637116,0.19991873596470933,0.24830493289112918,0.186875648877169,0.1604108230565403,0.138841306937887,0.11802237239231463,0.12341822934303454,0.13636091707337344,0.15011514154383587,0.12979899049377838,0.11270614606705756,0.1359515598563297,0.16920951567339448,0.14242159335711854,0.11439600734585527,0.11378592312796766,0.11920631230806189,0.1632302236504595,0.1232675577783871,0.10529653564940272,0.10969015761227938,0.16701808027552278,0.10704356361588863,0.15168333200022444,0.23262245769563977,0.1689451888431598,0.1451036302657584,0.16191131917419369,0.12783009890205263,0.15465187179582687,0.14702925421860272,0.13684120560356294,0.1263376421807349,0.13952877158347732,0.1279948251477488,0.12501670620544653,0.1311494064759102,0.13350639117982058,0.15803928437972503,0.18449604362249364,0.2861595137287865,0.3927757016764364,0.27460955363815825,0.15069241234404185,0.12056157231385983,0.10779715797459019,0.10986070370425685,0.13367492903342781,0.12558108493930925,0.11327088294612789,0.1476233274125004,0.16722274775880935,0.20325906399679122,0.17023181543866917,0.15728914561366716,0.1326210767714533,0.1445640093196464,0.13208992654979063,0.11924305014375566,0.12481407733834331,0.10676698825079253,0.12619074901400754,0.20296799908827545,0.12013605346706843
0.15050914981256192,0.18724856745063823,0.14770112667580482,0.14148675031006097,0.16525601652959476,0.21254631138823515,0.21440509249131606,0.15849332585055492,0.11505336250911095,0.12732351226727223,0.12651590693764586,0.14198340444772078,0.20085191418358728,0.22246955479662578,0.174978048061691,0.14190986600398128,0.15767380801894781,0.13717552319883952,0.1325789402893157,0.13822579198958757,0.1493930216995077,0.14942833376065803,0.14354236543563154,0.14557601370694676,0.15342795956064811,0.18565886464376669,0.29843384171230647,0.23318940624694662,0.18128831977423876,0.20694578128203434,0.21365895951022,0.1915322947869546,0.14170610996628183,0.1435736103935142,0.15229137766391293,0.12407424134183151,0.11122647180586356,0.16924922293143985,0.1560920268259583,0.18391446927352936,0.1517380947935111,0.15094136410174655,0.1914592672592987,0.1277070409640037,0.13993653531575595,0.161850076603415,0.17361604530301464,0.20932734946583165,0.19996359781545106,0.25276033061693215,0.25964428644516624,0.14852122864944717,0.15081003045008384,0.13287670599144058,0.12499139710704828,0.1304313231155521,0.13995968912084059,0.16711804064203434,0.19752588597884968,0.20143700710629286,0.21246937087932602,0.22147344994743134,0.2189150332783904,0.15340060809111125,0.15430911681084014,0.13387959439220193,0.11778709716597849,0.1271573272675121,0.11532421279108152,0.13435710459120134,0.12446556940436802,0.10906273427426622,0.11770627449529955,0.13315741098800132,0.12146097759697014,0.13072456253320763,0.12015548053930697,0.11058855694568426,0.14075179176309766,0.1329163348317829,0.1139215804755376,0.08755584426106205,0.15376575289577502,0.10728313373283363,0.15519587051961298,0.241442599080759,0.1754853808094542,0.15272634483070052,0.15697079505760897,0.14108214959032628,0.16248895130942892,0.15500663094997102,0.14122467014584084,0.18699827053919021,0.26667479202207,0.16403624119478305,0.10839672836032516,0.11155234457926674,0.13310073424462926,0.16624982608817718,0.1823862620138707,0.2827677299314536,0.3598276071213553,0.22721192018213873,0.13697652300352936,0.11754994925178497,0.12425043263496532,0.12660458307890632,0.13919846373986616,0.14139991141430977,0.12419625525838959,0.15041618505195745,0.18837995737303292,0.21532726668385388,0.17484640693706383,0.1384230473307445,0.1303155473968688,0.1346449719130666,0.11225449291932996,0.10526336964364585,0.13622292338025138,0.1168020366726724,0.13103160562413446,0.14702557168779057,0.09837346847249534
0.1253418225239804,0.16768539450875375,0.15930437614557125,0.14446324553032497,0.20335397202853053,0.3641035378383436,0.2788443576017907,0.15493706959866194,0.12230978933566608,0.14054561945125155,0.12326402867917377,0.14727667962009972,0.19135732118648724,0.18155173430750499,0.16003917060447986,0.12909945838291614,0.14350942012313672,0.14027401391187416,0.15842269496339617,0.14591416202534807,0.15129488025589347,0.15545020511123764,0.1517484630682161,0.16475854146462166,0.1642683323599698,0.1950676891193694,0.2810246331937271,0.21492742275835786,0.1656380748976915,0.18857469552921563,0.1698963123356242,0.17355785247871797,0.1350608125346771,0.1536893824214351,0.17430304397233257,0.1497931140409183,0.13461489791293538,0.14655503598480135,0.14353881619449485,0.19143363707523248,0.1498865428605706,0.13409245992977514,0.13706774863626325,0.10511716349068648,0.1259881020058569,0.1500736255944524,0.15302251683468093,0.1401344067927401,0.1587720702456944,0.21908719798943044,0.1901033676891123,0.16051095142165767,0.1381388840188377,0.16056802821817545,0.15557705068902425,0.15446890170291078,0.13785492648140302,0.19027980585691218,0.20911785277616146,0.22934969240746972,0.25545532066782706,0.2172542511345757,0.1860207793281013,0.13610971405010214,0.13735955315022355,0.1331750159292171,0.14016813943875706,0.13500524559255347,0.1112448800552025,0.12408929297600566,0.11788901877150898,0.1151935451519284,0.13519710618940198,0.12452610057183053,0.11135294363020402,0.1340395179179607,0.14855446873851313,0.10516365837975473,0.10821569693753373,0.10984457393111015,0.10320533000443993,0.11216174998366933,0.15740977124296177,0.11736472242034086,0.15090358933454134,0.21360144248300977,0.15239992171172184,0.15176808279551324,0.13633002973861025,0.12702065669039253,0.14590266983221378,0.1623276968091642,0.14411748009525663,0.21627090146323813,0.3128483267531057,0.23872856295770076,0.1482154868038537,0.12383782660603414,0.14557746303225888,0.1612112511083374,0.1597200365111103,0.2551159538109067,0.2868065064204578,0.18966537370910735,0.1425231977145339,0.11414365596021511,0.12977756265321055,0.14854008667203683,0.14876588929046602,0.1302057966406412,0.11069004433937517,0.12609747964594728,0.17639769211125433,0.214266218313222,0.17063920197879018,0.13865712237444633,0.143987308751395,0.14304362481628874,0.12716196022136853,0.12705220828666064,0.13172594805717722,0.12981766816303295,0.11008951509006984,0.10142366658851973,0.10484121302019404
0.12634359535534886,0.18371455065293651,0.1743424311496517,0.13002550682344846,0.18300437348517068,0.35577238970431185,0.2285011552396041,0.1363358092723335,0.1285322851271402,0.16442521918971806,0.1322857883668952,0.16856161682952486,0.21736041808794512,0.19869746065748822,0.17055016092264275,0.12292387027146351,0.13114504162413282,0.12809870041537985,0.1471409219063669,0.1445948066889707,0.17590978319001532,0.19367079835521747,0.17420826009641102,0.1528110131282962,0.14576213705846125,0.20658380348843297,0.2565111059724808,0.17537982875157737,0.18612522803325732,0.1878839411521989,0.17470574354623408,0.15186037895991564,0.12096813805509644,0.14119368861047146,0.16026339245136853,0.16559789926384394,0.14355707727929917,0.12483107507812546,0.12209171115360593,0.15008141691161503,0.13093448411806824,0.12412553460962969,0.10283146593604997,0.09659486728529132,0.10659851675895096,0.14068375860262344,0.16153387809172262,0.1362380722672726,0.14409002695004922,0.15559329609213685,0.1746156316366746,0.16082243490616305,0.1466112469809424,0.18094424996481998,0.2005699005085917,0.22130560821696782,0.1772649979855897,0.1813498984317121,0.20211476435195252,0.21526225817373046,0.21030322263458295,0.1795233898800122,0.1800476959368983,0.15677483261260458,0.134668136316275,0.12853555491369664,0.13366423173589465,0.12384123907451164,0.11794892906821987,0.13494829404790948,0.12460307547103,0.12163888212957383,0.18120137621147775,0.13914986704504537,0.11984936056789461,0.12463916047640577,0.1499686810874249,0.1295595261903931,0.13104281930795555,0.10503496863321898,0.09531880047689316,0.11229624288509686,0.16287860214987973,0.1381357838476455,0.14470912024139573,0.18161905648641294,0.1531060825548642,0.14631434078597355,0.14177264840089376,0.13756906519665862,0.13718723247188883,0.16061840001195776,0.1684641243481312,0.2775035125656281,0.33756791631943356,0.29319429628735355,0.18665001181601187,0.13519157661321707,0.13445382787104068,0.1263836546911171,0.1326232098231449,0.22595723052057132,0.26887045266698284,0.21125664719810244,0.15952301905553137,0.1295094526874322,0.13129335950852455,0.1482661365754206,0.15754749822133196,0.1258569894440313,0.1408259792048711,0.16411888981569062,0.16942542720503495,0.2110527634172935,0.23595266418913502,0.1494486728460424,0.13144847414031588,0.1356002235347941,0.1629032484884838,0.14746396408349738,0.12215943881277513,0.11724062879342476,0.10918993847848282,0.1554369309586224,0.15623091816765677
0.14023916102349546,0.16607239396286394,0.16978287970279698,0.14230606259258546,0.12246741140086784,0.22416979418968852,0.16005717285337484,0.12114109144609117,0.12455315456659022,0.17034883699639888,0.16286559605707762,0.1723638740883655,0.19093785788488526,0.2021972067718313,0.1635569039129927,0.11984409824376435,0.12250986697960536,0.11194007860623109,0.12005899384427127,0.144149775871462,0.22847707505938813,0.259682690585489,0.19726814135131915,0.14883893254081623,0.13144876515739912,0.1877268885199408,0.21006485451847223,0.1602662183383391,0.170719813078661,0.16958265840281395,0.1564136662486081,0.17736549477936803,0.15107707727013578,0.13271082834512235,0.13065941436587644,0.13481313436244585,0.12096669698402562,0.15199285197163653,0.11790588765234951,0.13360859528404534,0.1406518905216252,0.13104632899251395,0.13413407646437397,0.1043190531732723,0.11364639576719524,0.12065394695063092,0.12369261179564359,0.10958119084571546,0.13714764537838914,0.1550201031684055,0.1834446823632809,0.14715292510223865,0.15848265621093285,0.1763288251656604,0.19591953141583024,0.24742580140064213,0.16742074124785677,0.1413242219595545,0.16655665645613071,0.17135578641079977,0.1526406853159336,0.14557604766588791,0.15656184953059782,0.15686136317933308,0.12790919731441297,0.11124141392139589,0.13201197664693598,0.13904266082133443,0.13191529714177996,0.1546913075690322,0.13930117917597717,0.12352670462915835,0.2004923561209889,0.15502829779396987,0.12903987435492031,0.13268596556909457,0.1576065834977189,0.14649439988534424,0.13588988782077577,0.14174985765135614,0.10393736774104739,0.1184571024202945,0.1432238522698734,0.15177195410772903,0.12944614760053125,0.1487327373624967,0.17183681205642487,0.13671052235848088,0.12280962325227843,0.1434319923125713,0.1532797001383065,0.14033776486065183,0.16068584637415345,0.25355848307389534,0.3283006740835841,0.330360280987032,0.2300650202044908,0.14281780230608168,0.11815049480328112,0.121718417437357,0.1299218929774979,0.18381422201911943,0.21091885402114086,0.17965775646715818,0.14548070383436315,0.14806631061762107,0.1507411337718384,0.13564761797635427,0.1382199333235812,0.13063570202127028,0.15368329434502098,0.15759294174810573,0.16047001592367688,0.20655326017475312,0.27100668862564103,0.21092197933309736,0.13494841787883674,0.11558747671135802,0.1288467069207165,0.11562610036780506,0.12550043738724065,0.1249975905547743,0.12283849150499244,0.1648620598807897,0.1596506286277043
0.1342031385468074,0.16129848543499026,0.12794988393695264,0.12758408943822397,0.12438727038191474,0.16291731859077896,0.15218807869492718,0.14353945398019213,0.12281524562189422,0.16295747649129805,0.1611503609950253,0.153157585976335,0.17469206135652882,0.20635392188827795,0.22013424742658932,0.12327369419437798,0.13964243867913623,0.1266155818235066,0.13595338456424605,0.15331053345158369,0.3070596218452041,0.3439059832689654,0.22914831886421638,0.17889218880562452,0.1626020987674992,0.17383552828255305,0.20247896419577927,0.17597397026341122,0.14299494494047554,0.13822016281752475,0.13278050165927946,0.14655512168633278,0.17227521747332877,0.18067534361495227,0.15754699607981673,0.1248265521173632,0.12452353138908259,0.1301757007774048,0.1235944235387463,0.19045837689587863,0.1590232614544984,0.13691368347792118,0.15120848862805408,0.15035351587669016,0.10778978927233648,0.10813706901046109,0.11995313475811731,0.1066335600273901,0.11673122659252844,0.14702970670992213,0.16950431220373202,0.14081161920513569,0.1468268707912605,0.14862188201470056,0.17268002914889372,0.1943183038842822,0.14008395698073123,0.1361386101468821,0.1473042207654381,0.15756056395996218,0.16906590677805156,0.1700871447545844,0.1611443399057914,0.15111210702479497,0.14919298376907053,0.1718433582949092,0.16658737407432533,0.14199198597564996,0.1606304139947209,0.18438028166876064,0.1836815119651471,0.18761810499052428,0.21225379232265235,0.17914555570484902,0.12471819720877472,0.12340616492399858,0.17906137978753323,0.1485551894374032,0.13915715809016616,0.14283850964017916,0.12389578170515553,0.1436830458075197,0.1523832867800694,0.2109788459220276,0.1378812968528208,0.1436023846667675,0.1606525835540585,0.15546221862220444,0.14183036409996586,0.16918332740917452,0.1477641333755157,0.128713109165197,0.13682563513270196,0.1717329704653269,0.25751720360834207,0.28468983059790554,0.19943007357246295,0.134266276068054,0.1152044821087217,0.1301082173001955,0.13271975187906926,0.16484153540763238,0.18374069687459677,0.17408042621038256,0.14811978013107074,0.14855098497443014,0.15404194938092003,0.13513717651737173,0.14073865245559591,0.1473180021766907,0.16054510405431555,0.1339852171003493,0.13342015084639344,0.21003380253733406,0.24393706644979254,0.213461352520582,0.1661597507756283,0.16462435612731607,0.13378767242876222,0.12578701523982808,0.14161197611745713,0.13307903432950474,0.1591913994055757,0.13570121282797068,0.14225970180899145
0.1719758093668169,0.18713068276505776,0.14757831923343406,0.14298700856781635,0.13793841449818897,0.13213041219278931,0.1545959722392672,0.15281278798536896,0.12982929926555106,0.1427345886339715,0.14163059783326284,0.1365055274300054,0.1538355141887137,0.16873314495016484,0.21091445106446385,0.13363151176467264,0.13499709773257867,0.13542395359077283,0.15574118470345122,0.16562169292069076,0.327607467416119,0.4665004477601049,0.4486558681446604,0.31254890670677227,0.2128497453119833,0.19157537221876567,0.18794657028855394,0.17398236187476174,0.1597653981712495,0.16218492808238094,0.13172132430306016,0.15101804906969873,0.18709285918581547,0.17967126520243076,0.1451090593335516,0.15450998286118922,0.14696163764965187,0.16612835922995045,0.1341018839062856,0.17604435360272366,0.12803553720378186,0.14263719736838984,0.18820575552547797,0.1582243823714406,0.12154592769906242,0.10884445668708523,0.14121649929890295,0.10801313143834518,0.1421347822850221,0.14155520856799003,0.1646654324876466,0.11431282935056239,0.12664210495900152,0.12192674638542703,0.1512500799451949,0.16409059056172742,0.13276024583788926,0.1360029634457357,0.13673328227482173,0.13944639088562483,0.15261106478133118,0.1615095705475176,0.15369177919288726,0.14608583038104672,0.1633168366351419,0.18521824787616772,0.14777429349163554,0.10510630724202555,0.1440206793522919,0.16680067822421601,0.20547112817825458,0.24461878856546537,0.25058508153850495,0.22913282780904254,0.13842318362854722,0.15070272824511238,0.15987690314790723,0.13502214703083276,0.12593448226445897,0.12218639033907505,0.11989803076628264,0.188433269557974,0.18060870420368885,0.1848239505197085,0.12700301454000304,0.1178805540156207,0.13061194146568966,0.13873026846181286,0.13353258554384542,0.13635541350063685,0.16811861571397174,0.13234185411906088,0.13122315563961068,0.13621751380335928,0.1761243535782678,0.18759427438020687,0.15591044785039054,0.11612228867072835,0.12104422575327087,0.13008986626610505,0.12317856277542893,0.1384241501565558,0.15056147250862992,0.15116361483574406,0.13333202802150668,0.14772306257892873,0.1635266460315628,0.13648450118628566,0.13357588040337037,0.14067012435587647,0.1531033536251102,0.1438635116754107,0.12334047753371448,0.1746005829963515,0.24146856128563288,0.18708118490492742,0.17101320622758764,0.18532665974443147,0.251980005213993,0.2283177862144266,0.23146892128648505,0.17826849966808775,0.2057820975011641,0.1522743402696537,0.20604249876830905
0.14416192468819478,0.16073200848777675,0.13453662495685298,0.19780997682027945,0.14608558420843093,0.15414843248005491,0.20889031001677852,0.1828724076659455,0.15518516591007425,0.13967274890095654,0.14528503538927906,0.14520675948377681,0.14074329396125856,0.13754411289479798,0.14252592365716368,0.1350577791253911,0.14047383417636078,0.13810913963888738,0.14314105457995285,0.15778244311957623,0.21970416478996124,0.27627913754463373,0.29414350822968083,0.25166351321014885,0.20260794451866618,0.18487871405752812,0.14699689165000424,0.1412514748323812,0.14349447571923932,0.15624555140198115,0.15003316555125382,0.13457788212427094,0.14013968920581704,0.12681544893821567,0.13918165888211992,0.14310669656193512,0.15243621770569554,0.23881702720594744,0.18150928861309074,0.21882974300994532,0.16150535174047306,0.17523383827112662,0.22072265448984352,0.20805505944903163,0.14288165606788467,0.14021966805204908,0.1380622439858032,0.12896798503150536,0.2163158581606283,0.13659784419422644,0.16333850726127724,0.12004773856875588,0.12377793972620649,0.11883973700809111,0.14578684690248858,0.1495196410212269,0.1448224660666032,0.16579658367319755,0.14859609542273763,0.14947869745357184,0.16362065514347107,0.15956676282927512,0.1568992573964173,0.13788626506645804,0.13753038978535156,0.16448756034618955,0.146125519678873,0.11403646769797911,0.12979900161196936,0.13232065330172746,0.14804149014959977,0.18298735120591758,0.2431577617538636,0.25921486678426686,0.16736691838186424,0.19326016162403775,0.1395138451919241,0.15054722243219493,0.1403183384361012,0.11301637763238667,0.11727008963493613,0.1715201011775186,0.21072983088415903,0.19553446320913662,0.14990220226408343,0.14453976368482063,0.12966771873444705,0.13490093466550368,0.13055549006507716,0.16559430239755163,0.19180877043818043,0.13933793373578487,0.1310395722215226,0.14841116340815297,0.18174116036683657,0.14117971436144094,0.13110034593853898,0.1240790948099694,0.13368259911402325,0.14116572820629472,0.13615577985044347,0.14607170741490166,0.15310217631003198,0.1334666229325748,0.1379709337359304,0.1910112683514503,0.1877226452823092,0.1526846879576038,0.1711526684977479,0.15153365866688584,0.1796922920333409,0.19200984587142622,0.19878073511184294,0.2148798471612761,0.3384424447127419,0.22813503067278829,0.1541344863169069,0.18473885933276407,0.32950796037826285,0.30648446490263187,0.26357403420644854,0.19911461211839362,0.17113296904274933,0.16479380251928438,0.2148193196430897
0.12055983083328695,0.11847196953915222,0.12331922589804035,0.15809310288219358,0.11952988111694049,0.15180271777831902,0.19400804549033757,0.17505460948506457,0.18027372572662254,0.12631280223464536,0.1309654956734194,0.16610140011574723,0.13027734786222367,0.12125070536386434,0.11360328814717588,0.13576726219244076,0.15590909900510533,0.1301859187429065,0.12449957964894541,0.1356783563358026,0.1592065992262306,0.18517704084920436,0.20338915585847778,0.16622521154270306,0.1365630049238057,0.17237101462399612,0.15077116667912296,0.11532297922116433,0.11099931308127257,0.13627865753571222,0.13661344182355906,0.10973552306132514,0.12319415209794762,0.12873383279855496,0.13628901952487602,0.18744083827474,0.20262200055271534,0.2384913003674983,0.16947018293736243,0.19320938788475672,0.1832462928471194,0.17286068651318234,0.1589490304925899,0.16492547995310108,0.13353906154820824,0.12568330292690985,0.1521013100867217,0.16014926022407722,0.21770881154670357,0.1466416411662955,0.17044881974930193,0.1576617843426355,0.12401508600972623,0.13224739415285847,0.14921244398736727,0.13114344300641032,0.1467232087327186,0.16210395986483517,0.14505902152703962,0.14342939657160594,0.14149586751951157,0.1377654815061487,0.12770180968754657,0.11291612091319478,0.12667159507041878,0.16422245417871906,0.15353340745385602,0.12420306932491733,0.12153376612705571,0.10932528667200725,0.10774883923787888,0.1436627716336658,0.1765526487313533,0.2056437779853566,0.16679805451335397,0.2736282189173609,0.14740840891451346,0.14487714571622667,0.13858827233662382,0.1184650957303412,0.11735101149107466,0.14619001152545383,0.20571156947701918,0.20488702479022444,0.20391798304939496,0.16062337608853006,0.1683834601710888,0.14744663716647496,0.12824191008270094,0.18227620811739834,0.15409302999174215,0.14909357362497436,0.1568897492697285,0.15404745934239428,0.17310587007377962,0.15734702271020962,0.13136916351335703,0.1392851453047413,0.15029818193460445,0.15361825751061964,0.1382284541000703,0.1280755692070346,0.1456934095068513,0.14894024682202717,0.18864685440402099,0.24214169935491617,0.20485800575244018,0.1708188796885548,0.1712213600913884,0.15329349838630996,0.20602502181152854,0.2477302975828642,0.28538886151396314,0.3023739670718717,0.3646414648457045,0.2849469588940278,0.16753736057207905,0.1474698823086058,0.21816128521673936,0.2082813208275334,0.1871554852723547,0.15975284896006786,0.12939315658521272,0.13690290666180754,0.13685019516306798
0.084107812739045,0.16548839121890094,0.18046838679386612,0.20127114183857953,0.21687320583859962,0.32616769239007104,0.2153218519750004,0.1620586051471346,0.2046483882172348,0.17221670293037117,0.17842467695943182,0.1872411448695316,0.13771219763370668,0.11199672934052511,0.1066713312994137,0.11657883599467334,0.13765848530729166,0.13190376058394274,0.12472376893162523,0.11953889535580686,0.13548570320425438,0.15556720428650234,0.15963899858028976,0.12728468085796713,0.12172257537691782,0.14883229078393234,0.20831704831829828,0.17942404250627583,0.15300553505126824,0.14125950303619952,0.12126931219042864,0.1079505657851112,0.12476065719536639,0.1291452216367998,0.13659999154080937,0.26344175434514067,0.27830693606147106,0.27933128910730076,0.19720213533151115,0.20889004149322393,0.14827112308220775,0.1497540930888454,0.18811847934747247,0.17273311908803599,0.11409239450535172,0.15983068978290516,0.21631075109224396,0.18843517710292348,0.23829413194633833,0.19329104225432475,0.21960289845416273,0.1415035477128654,0.14140706101618414,0.15399642839926336,0.2025709707257774,0.18464258686752247,0.19399197088804163,0.22413806214331256,0.18505991936529304,0.20628411108553907,0.1536452774195105,0.13047904228104235,0.11789022380857565,0.1034000329956013,0.1103061895130684,0.1457432938947416,0.14288706241691856,0.10840854989517312,0.1071977975839151,0.1291272271806854,0.11190265670968239,0.12747129294643275,0.14439310709042497,0.17410434765999566,0.1860271056672965,0.2504306323072477,0.15618042967330167,0.13985259920446197,0.11724149405908263,0.13044018413911498,0.1498271752254663,0.13901752201218778,0.14745968508548377,0.14571754628253097,0.17586268334082014,0.204704697702256,0.1814638056522637,0.15394482625774902,0.15493917460794956,0.20638983776683056,0.14332276575051134,0.14308282881765083,0.20830953209206202,0.17051016512295794,0.1469346551297959,0.14921080151203195,0.14309798701888163,0.15108187402894607,0.14985821983707504,0.14154273012546115,0.13807549774943864,0.122178816386978,0.12475315865707465,0.1427696555477435,0.19071040939507933,0.23489979242301892,0.19931717463799298,0.15958664748190776,0.15442356377881455,0.15665761724596208,0.1872189394077131,0.22358934592445956,0.24287890284412836,0.2534843236568285,0.41095505077519123,0.30136859243631486,0.17382177462835177,0.14484584820539703,0.1443803890107071,0.16032835707320442,0.1517483519415203,0.11200182590288155,0.1024735244715013,0.13499192393544557,0.1178567683341005
0.13296876378780115,0.14639296011473013,0.18291365961724565,0.17053800619379,0.1615586393469251,0.2711141083231085,0.17686987528180867,0.12650020569048875,0.14175212317576966,0.1576440221884206,0.19690118602998644,0.2494129743521294,0.22361197372013594,0.15111273029205932,0.13417380595136733,0.12137692163174459,0.12189381702580843,0.1250654266872831,0.13633933381423183,0.12376975543668249,0.14361728565603593,0.13906374617832862,0.11185076043932804,0.11642377939567594,0.12066705692487112,0.12498751556942259,0.19554641864396088,0.1797194393135224,0.14134261967380768,0.15026993589695262,0.12342827033669192,0.12121891426987903,0.13259749247274707,0.12399694320612203,0.15115953891096506,0.2722945212677924,0.2527215043218043,0.303389621975016,0.2910738449103042,0.31314853591933184,0.22171121305377287,0.20074128027338398,0.2288937692170819,0.17816688243616466,0.17622529757704977,0.17764135680580725,0.21690035909017158,0.23951886105568962,0.27473585490567837,0.17931710289446684,0.2080394453277446,0.13180183506516185,0.15314414989018804,0.15072499570687586,0.17179328911857625,0.1725049096598667,0.24179648795264916,0.30380448438981156,0.22923022190404524,0.21282059725541774,0.13562960786891254,0.11737759623070453,0.1300302279886067,0.12225061594044843,0.10653531314470553,0.10892867799301331,0.10676643231191044,0.11533823240497873,0.13159808994634825,0.12997741542829402,0.1221743488626576,0.12554535792757265,0.12768738542561414,0.20406053298554697,0.16957873895423847,0.18064514482336877,0.15529421441934754,0.15637346100760774,0.1685182383125054,0.16107078100834507,0.171515376337794,0.12389816616251326,0.13189766961394372,0.12629042237547997,0.12862206792319034,0.18781017974004027,0.16466372620734548,0.1322075797771012,0.12892984323220485,0.13953123891766572,0.16061890312929927,0.19714531775829722,0.20758272260868527,0.14085982686988902,0.11723723411623263,0.1323876521721232,0.12570117328346012,0.12419195035927241,0.11424649722431852,0.10660056854833286,0.11132692749631537,0.11783753201124403,0.11749898021114787,0.1407731051141291,0.22325940512267303,0.30224688999077787,0.2474476612036159,0.17632016669709816,0.1551237396092334,0.14704630254126044,0.1835360692448471,0.23514814168628245,0.30688752213164106,0.32503488880541026,0.5736062114210955,0.42107445810452104,0.24271553210985408,0.22339872114583612,0.1782859236889728,0.18989610121262118,0.18077148266081922,0.13221899958001754,0.1552582992526756,0.1902138674152857,0.20238837089083714
0.1374085517988143,0.16597285070502713,0.1537054641621259,0.18605385483580789,0.15761581489328047,0.1984040953993828,0.13411742681225514,0.10430897683440044,0.12266493265548509,0.13409247337530605,0.16858037355162633,0.19716358340276957,0.18296055070924722,0.1358727698094262,0.12584206500361073,0.1444466107728174,0.15189524626744277,0.13698681708797575,0.14227276962650479,0.14325113061496622,0.14309004439326137,0.14253628562366444,0.13213899021674602,0.11546460104691456,0.11231436091431356,0.11285728006363004,0.1250610311615279,0.13140602771817125,0.1174467689328447,0.14099335807745908,0.1294706983916491,0.11951518921610757,0.1325922625261799,0.14553256332941916,0.1987032931443424,0.3075968157577191,0.27975752136143106,0.22696165991963874,0.2792484075306565,0.23048242982798103,0.2300247777130901,0.2023454650542776,0.25717286462148814,0.18283217563875434,0.19594772696707616,0.22439309546059683,0.24860480887411912,0.20181378896371777,0.29479617098948263,0.2045298149548698,0.1850711771596152,0.12872625525880532,0.17169138002699405,0.21098969955126906,0.1576608112636823,0.20601481201969163,0.23331555592575196,0.22308625515847572,0.17729342319453073,0.16468606511206785,0.10853592698502232,0.12024231611086024,0.1241207804062289,0.1179772943731469,0.12057227425464012,0.13246471515698152,0.15214976432887953,0.16048788629487878,0.14890809051840492,0.135689469665644,0.14413883177283832,0.13868325805889878,0.13813825646698036,0.21133464977241623,0.17999134313045542,0.1620457731560343,0.17749000799655196,0.1525274368228652,0.17416271351361182,0.16230987446706935,0.14057433341965747,0.15268412934595016,0.13635434414222314,0.1404782683723223,0.16360834309465527,0.1683314367592792,0.14989899347456564,0.1402637907167434,0.11833977248366889,0.12887630383032503,0.1508134213678458,0.1732472566289974,0.16967298328859587,0.14563695007731478,0.1269213412792539,0.13008995089724606,0.1261414093461525,0.11403732826648921,0.12997107777691463,0.11609266859458424,0.10232604149895985,0.11484886190257872,0.13353426543611865,0.17390654242311826,0.20320232185691323,0.27342468041230406,0.2819537249921914,0.2832489168411834,0.3064907977006326,0.23209057701315894,0.21685826465420244,0.25330091654433334,0.4617134624595376,0.47366747019658484,0.6480806173372563,0.47722084473341264,0.31606966191260544,0.2791428715511834,0.23751416721952456,0.2787078829728923,0.19069970318665286,0.23336259360505787,0.3474585241134187,0.2764029857681219,0.2403491590004125
0.11510620500009555,0.14062274326688518,0.14160851359385082,0.14970640241723093,0.11569411731596126,0.12666612578149927,0.13102490029005603,0.13605524318182216,0.13752859488649155,0.13317566722472474,0.1461333428462996,0.14815316941150153,0.1607412469944219,0.13046605527491553,0.13833682991590152,0.15991371709128638,0.1406463259910701,0.12349175715825,0.1313466004109671,0.14006381020168276,0.13200764514365443,0.14191514606190192,0.1503528574520983,0.13993602982391526,0.12172732522258312,0.13089602057968117,0.1476665536462898,0.1362846469277229,0.14526509032285734,0.1631785524446574,0.17958451827110347,0.18615476465841513,0.1808314978597163,0.2319537420268329,0.5458494306125701,0.49613400993018114,0.45345807174627006,0.25044461529164097,0.30590555026085303,0.27055619375432727,0.27761173644272247,0.24870851754131237,0.23284594207363535,0.20010041533802397,0.15595514690000875,0.1915149600471555,0.15260096747287147,0.17722706931335833,0.19695496792675446,0.22269724320390666,0.2757957618055828,0.10121534133847297,0.14074072633198553,0.1483054913914449,0.13543223722249254,0.15387594150500566,0.1689485883447883,0.17991252208185443,0.1493965639810859,0.15640441092954957,0.1600711353341014,0.12734452932574544,0.13616621823302072,0.1599781499145666,0.14275038220054018,0.12971913714643327,0.15549805260347674,0.20069364869226536,0.17111635964188282,0.13311263202129336,0.1303730021698311,0.11982970493735144,0.13177676048353917,0.1589484228355706,0.14775094259492666,0.16939598636419972,0.2505562168625018,0.22733005008916385,0.2583126347816569,0.14547834092669604,0.13771225409729146,0.2072330627069333,0.17654632851500135,0.1473424084359159,0.1702419104983015,0.12860874369172937,0.09695410365528415,0.11981125340547903,0.12176741009164897,0.13013108323464123,0.1678718789750759,0.1333620391447904,0.15908340612242156,0.1608464867710509,0.14449867135869457,0.17251107531178322,0.19216607593635765,0.15321240519463594,0.12371690935426326,0.12804209809324218,0.11925602234601014,0.10477454488602776,0.12389440749732525,0.14333370020251426,0.147145930499339,0.16992781506747037,0.1733384461879492,0.168712440171597,0.18116114498175284,0.15869633984267428,0.14675038863375223,0.14689332787267936,0.23418029097826434,0.26807140459967715,0.3730154779882463,0.33802470036644144,0.20574887071352355,0.1884104108270398,0.20329348968087113,0.19134751815436515,0.16503398399235475,0.21224562217985796,0.3947582347444758,0.2585003130160658,0.18554667750926018
0.12759193694324686,0.16778849779555702,0.15249334693530586,0.192501682392733,0.1875380889927434,0.18197217067164748,0.12253557085000136,0.13476890178133655,0.18301851689809365,0.2619522794825775,0.2721304717381203,0.3329975761813563,0.2499896146361611,0.26985731000719243,0.202167011335842,0.17617224223640954,0.18496082263113836,0.17212708650119923,0.16875576808527196,0.1537005152299799,0.15028253206215947,0.15602920385571784,0.1542056201466127,0.13659765396475282,0.13117155288050567,0.11613393490671506,0.1365983933447501,0.13932100075652776,0.1578520649357023,0.1891764316831412,0.20035732763243097,0.20203665782250957,0.18023196157253865,0.2669707906201485,0.4421305173833596,0.3944782191209101,0.3564672025413583,0.20263560771143388,0.19692692469839174,0.19935703894828843,0.2807228344618613,0.340361691301975,0.3574426283206977,0.23752944732721176,0.16527670862624771,0.18449715660153934,0.14631185657584306,0.12913311027362676,0.17363903136063513,0.18565389748195632,0.28028834679117437,0.13277778082427355,0.17747797330469647,0.145217409638344,0.17845177144034594,0.19165073338123798,0.1482443297102333,0.1578405474722776,0.1498840363429797,0.1448874304279725,0.1538571423506116,0.16017444347078066,0.15257667754069687,0.16973093780399134,0.17249227550124252,0.16986289980409722,0.2071274575359993,0.22111624153979312,0.16355690787275295,0.12192455757175351,0.10701298127404124,0.13741110570794335,0.15930976670722713,0.16926558611026488,0.16156003178180697,0.20766403641297249,0.20289252413091183,0.16980176683405268,0.17659817252288584,0.14475967828413377,0.1125087786656302,0.15634342742793694,0.13874648968047104,0.14714054906256208,0.13625294818712935,0.1384724859417518,0.1093889245161794,0.11776565652368462,0.12953815973129898,0.12126013299738805,0.14006504508219017,0.13327631466911055,0.16142285240397886,0.11446171910302444,0.11997437778635246,0.12637834394547642,0.13891238698009953,0.11947917868058357,0.10174175026422673,0.12236223870579567,0.1325338921818089,0.11033867975245672,0.10789159164435536,0.11726555849617863,0.12788581663261003,0.14381866358927287,0.1450552274302576,0.17589621099314437,0.20731165324768483,0.17600633194047005,0.13763971468752367,0.13562465793907125,0.14469714484075608,0.13688502437325958,0.2259962429802529,0.25273007824839105,0.17957147783059443,0.14300051430105326,0.16349141369838824,0.21385779520041698,0.1984826283536443,0.2687741030715033,0.5056746086479913,0.2559366584637738,0.19076074296142262
0.17334579107433395,0.34144665718357814,0.27632828067580695,0.3309408610006446,0.16384072097877767,0.1795599839573318,0.15730140669393078,0.1602696222144767,0.17940621985014577,0.23484887797442885,0.3206168645464898,0.32829473948978244,0.26065056662029623,0.32314556683686874,0.18165285877334167,0.1883882925522095,0.1886466042966177,0.16794771946031242,0.1953500770592317,0.2001098525279635,0.16437779949412143,0.15404457122600412,0.12413226930644604,0.10582027661957587,0.11917377303765626,0.14592109106568052,0.14141960031889264,0.10083298563891062,0.10121494186365454,0.1504123098567327,0.14713903429203992,0.1307698032697033,0.15581588248195616,0.19169483330706494,0.3801534290704562,0.4822116980713946,0.38793788221864167,0.253144213148194,0.20970786473276248,0.18184232481957577,0.1723239557113012,0.23847362070133396,0.22150813187122737,0.18896855940108928,0.1933799262705641,0.18629510197387333,0.13376081962148095,0.14160056022975442,0.14804379303396137,0.13421381879927696,0.19397625995199777,0.12518025961805718,0.13441235567406715,0.1499073185457905,0.2198465725427079,0.27714496509624215,0.21590735503250266,0.18538008125607092,0.15846152497168967,0.15192442146710666,0.15888937666071032,0.1546846979599194,0.1301818427586261,0.1898116851026979,0.2236702853110848,0.2129674620376296,0.27774266930132596,0.28373590818382954,0.22634779440377933,0.14622608652875935,0.12671588217905036,0.12488713564090706,0.13127535448595687,0.1654313555024548,0.14773242216254687,0.15975722380593288,0.19373602018208697,0.16409951746283108,0.14178409882795792,0.12710864886119055,0.12896400753590295,0.13747878450088616,0.11891421042584094,0.14068367579359434,0.12967311822548766,0.12955688205704735,0.10315617657708163,0.13244267731825454,0.15966686289816193,0.09903392131169453,0.1276635931308619,0.14378177118009294,0.15334290436682252,0.14596000483947189,0.14347590329563933,0.1563604118983251,0.14010766298172386,0.09950323023875463,0.1276289697365422,0.13813777873669467,0.13926298612646715,0.11883167940612552,0.10377626525326827,0.12949062104594156,0.15293433978187196,0.1596184053880453,0.15958508003296887,0.1740449254821256,0.20466756696705476,0.17309440516553948,0.13628911807780467,0.1307114185413188,0.12680191886713713,0.1693343039285136,0.17692687348323055,0.1904394495619014,0.15417834213016354,0.13491109991225683,0.19348004692837115,0.1545040548194147,0.16865284185452722,0.3251991383218072,0.4023793756357817,0.3045657112330312,0.15373123917257492
0.1444979405068155,0.17097041507063132,0.21946839275725952,0.2015211755749894,0.13503288800380797,0.13022241713143481,0.11979125655551479,0.13050820822618575,0.15270277612825175,0.14320188611583518,0.1874686004815651,0.23396661401325144,0.16782988522951056,0.17269422084059288,0.15275954112034143,0.14657757438396876,0.16138920303019844,0.17978205264337305,0.2004605587305929,0.17543025363571052,0.14942061568802498,0.15332834208843166,0.12578411974788908,0.10801916398714541,0.1450812105327749,0.1758747269407974,0.14146447115771213,0.11985961975737122,0.10432901363767685,0.11416148840369361,0.12525119991878983,0.0985096275742583,0.1142740283517514,0.187645767062783,0.27661222477030917,0.2561088200631438,0.21452005200261232,0.16104361717418164,0.1544994211412635,0.14804571108040623,0.19512360091971023,0.1919329877928851,0.17013469957796243,0.2728575844480925,0.20220290149176642,0.2484935666273072,0.16656973478273232,0.15345571238478356,0.218367192269121,0.17464248325508225,0.17441034725550375,0.13353731440915426,0.12693216605966096,0.12923490847722618,0.17573388052767205,0.21102286235258153,0.16445120526167664,0.169484219485404,0.1604417152978899,0.14445610133161832,0.1346120082311902,0.11796007423536249,0.10717364675491536,0.1509798325447424,0.1834545057939821,0.18604479523273892,0.25088460892239656,0.23668848176611706,0.15962425703144065,0.13494038016987592,0.1424904062525729,0.131260754056402,0.13066559127917998,0.254677681933896,0.2486550438874618,0.21511173904281336,0.25873805260738003,0.1975929402304009,0.1795644719309707,0.13394019355032838,0.10697497197514899,0.15035669562836043,0.1411097307889254,0.09916458058174638,0.11603693584123209,0.1328604878628144,0.09425997089961391,0.14789628739221633,0.16762468060518565,0.16025076608438446,0.1271954602965603,0.13110204844679366,0.16787957320883048,0.14781422240263073,0.16394193795326978,0.131444008237604,0.12892728531134923,0.13445889996249277,0.1367235272345209,0.12556607493264288,0.12194995595760363,0.12228882390906606,0.12375860249053043,0.13598097691036823,0.14677127201908202,0.15291760788489045,0.14644720433429398,0.14475810659932026,0.13859898952590596,0.11694768443779423,0.10632273681596129,0.10474495007243687,0.11540974942438886,0.1344539274497119,0.1467629955562296,0.18860900113829068,0.14790730782342398,0.11256089245653046,0.14676532622636831,0.12832896001803476,0.11748869217837976,0.17063051600388518,0.22303364075863308,0.15567044499057794,0.1867107215573676
0.1435493177577204,0.1536021174486642,0.2186032738150133,0.2380172566565858,0.13901280841787067,0.1383527660786612,0.15226532923352845,0.13136285526106323,0.10592192915189255,0.12596670002964086,0.13164861420537255,0.12973323921767765,0.1501224234006499,0.16959194683018292,0.15702534897731202,0.14126182740172832,0.14726307792998317,0.12964843259645942,0.14108617534658885,0.1726621631376649,0.16605584572939888,0.1307489902237268,0.10625980256790409,0.11665549747859025,0.125939301395572,0.15111988668278292,0.14120202092242146,0.12797161986957686,0.11379989232808188,0.11357696330456404,0.11309982736309832,0.09576265820714346,0.12227587547959182,0.14034128732690043,0.2484134574233675,0.25828765726014413,0.22789493796636642,0.13035381065451715,0.09556078957307643,0.11464968717970281,0.16081034181796605,0.14465448640079215,0.16395963339234806,0.19640806686360257,0.18435973205999234,0.17022941508314418,0.12771792008147653,0.1653773806974656,0.23426740308695188,0.1540387718665869,0.168967677338608,0.11669302111967925,0.11809646419856233,0.15427738614812472,0.2542956081905863,0.2055400728732794,0.13394392156834448,0.13280987373471978,0.14922757016938595,0.1630715850520802,0.13513949193727648,0.12348636023041851,0.15590640301744174,0.23898694229530285,0.2787386173415882,0.2688695340651158,0.3784690050875797,0.29786169717763183,0.16347883852592318,0.11558873104861314,0.11387782397640056,0.17358531943447614,0.23076666281654085,0.239827851409413,0.25418411419075676,0.18236689459854635,0.14857419400809144,0.15009511929575858,0.15979109112574774,0.14740461680251227,0.11506861996341533,0.17391702013292917,0.13226934613620497,0.1511627777718103,0.2490657405489129,0.17032587057095572,0.14560422967695213,0.14312829847813513,0.13060199603925116,0.10105151728307848,0.13621268797270686,0.16108145189400372,0.14086118764891867,0.14484650488581197,0.152856650114004,0.14645043485080855,0.11465948644370473,0.11108409543969713,0.10507049886941643,0.1272255788505085,0.14444812568346083,0.13176028412718258,0.1083648366396381,0.09580979853601175,0.1302533182192684,0.17053136885427306,0.15192867269607344,0.13498393318036558,0.13252420002840237,0.10205720174440307,0.09747104177849815,0.10892632877426703,0.15833171719228403,0.15523331235355436,0.12406099508097582,0.1888404152861645,0.176928543292958,0.11857385344304161,0.13520300326175586,0.12043388996406022,0.11366836848317764,0.1218656057558956,0.14727911241896852,0.17060803991864026,0.13590023451537542
0.1935050618152596,0.17447335177776865,0.3453629023016556,0.30645418299332494,0.19707047513063086,0.14700982450114936,0.11268332227374878,0.1479999264351126,0.13122851815062023,0.11574135049003902,0.14991909402236814,0.16750566758474728,0.1273779555042738,0.11358236741229122,0.11919749153644418,0.10353114689423122,0.10715276621308072,0.11056607011380741,0.11775119119335851,0.11231536921768843,0.10449409470416603,0.1254659227787079,0.14469996494376147,0.13793788983597827,0.14451695977568238,0.1440296208272304,0.13891336641919438,0.13290126248281464,0.1330629449601026,0.15788669431117053,0.11822853080268331,0.12514735711843591,0.17331890806198422,0.12033569987494641,0.1375449133401117,0.1190264324888499,0.14134399500646305,0.125065223908351,0.0828924259382685,0.10865885293079242,0.15003902286622287,0.15792835884548642,0.19476436618762322,0.17375796077869216,0.1432769076791381,0.2568374773147446,0.1846084807402618,0.16410893542372204,0.18534421251489788,0.12746316790513687,0.11663420228432606,0.1306200967218121,0.14985801700542598,0.14831439701934757,0.20451048559569773,0.23714693534904757,0.2579021229778501,0.2660438164714868,0.19631663289826862,0.19958353750028546,0.19226431858417808,0.1476423685847896,0.17047334308322842,0.3656759117308101,0.40164199107614285,0.30926508409543185,0.35586348431480447,0.2775625892692204,0.15717970178357416,0.12652891448273304,0.12207913564855649,0.16037409325183485,0.1627289041707704,0.2502625578254483,0.22200550478008702,0.1622189743446601,0.10149164118955037,0.1144266004217761,0.12706239378179598,0.13046551169289905,0.1317147189295909,0.16217779559136525,0.1537372863565879,0.14279022894180735,0.24598716909519766,0.1616221871595167,0.1326439733146879,0.15061743352327042,0.14495976226560933,0.112300773746412,0.12003645854558685,0.14862271184413073,0.15805206898878538,0.14809949340012218,0.15118632116030256,0.13963970683945678,0.10799978684033647,0.10397457962954461,0.12086730747553266,0.1315279108505516,0.12837004422152423,0.1896114509467272,0.18111156080950144,0.12723147678465135,0.12968250631441425,0.127931178924876,0.14028998569827233,0.16170278942331134,0.15075998589290343,0.14289091744650304,0.12486136662458368,0.12338894503767331,0.14570678825648067,0.1622068231864988,0.28108449387523277,0.27166488618764806,0.2086686072089497,0.14616674956424056,0.13639847702418595,0.1051669176475226,0.1093802623324449,0.12161664788673686,0.12133534851897787,0.11751791455641897,0.11738262753979431
0.19085896294644863,0.2818501142727503,0.3460227029836159,0.28855566726786835,0.15534409220359074,0.16799039588772016,0.14922669260353463,0.13635922746973814,0.1466094369647522,0.09050418437632156,0.10728301506664979,0.14852630690794288,0.1488007591780191,0.10855195062247594,0.11348260889256619,0.11643312866808207,0.10081422136053313,0.12223386351000626,0.13237985410693373,0.12844399050375593,0.16790872299554205,0.1837871389013019,0.12860059587290906,0.10497265586048371,0.14032042765284305,0.15157005976539675,0.15894797042023745,0.1532970692122867,0.1493387698465123,0.14163842997234,0.09534891612839332,0.12222030380176431,0.13807815170238066,0.12797749589634208,0.1521479522233984,0.11290398061990321,0.13238583686397315,0.1272683979551314,0.0981054298541444,0.15316714652733984,0.11658678083055053,0.13416198862838835,0.1874962137131185,0.15053741042394753,0.18792892991115373,0.20300784724213114,0.14335479344705543,0.12918222859136558,0.13887649833705856,0.13819007630787694,0.13297969416652627,0.15500398570883356,0.19467598982678397,0.14560045992836174,0.15707945280931043,0.1521933483200924,0.15565497990415056,0.15325456616821892,0.16159088678222572,0.1810794369313668,0.17070625835621073,0.13433065426660604,0.10860544174980903,0.17172231098022406,0.23299597418598267,0.28633411394437863,0.25737817342381997,0.19601467785972496,0.16037897805421125,0.1331146341838642,0.12180709595982901,0.150759988719856,0.17754602827825833,0.2632221386219917,0.2108189262471885,0.1472106219335289,0.15604253034460952,0.1817900692199038,0.13936130118052845,0.13895773810086576,0.12753683266328786,0.19236779653031555,0.19587896723707834,0.12227843823611426,0.1944550421791705,0.17605569759367182,0.13445792463925924,0.15197138308972638,0.15184289574761892,0.11313596358263919,0.1402917754705264,0.12900587367430838,0.12810364683802966,0.15308831620080474,0.18893504222102933,0.1676695524308597,0.12601235621343407,0.11014074999357236,0.10422632784919458,0.10615014950183457,0.1335750865206647,0.15228198010152894,0.11699416580042302,0.1362961296147188,0.15661891746146184,0.12587992087773195,0.10804414006689633,0.10297457307861446,0.12793569329900026,0.16794943573738608,0.14784931208946675,0.13849262075252713,0.1437287131865151,0.14958327849941191,0.30808549458864015,0.2836075266425935,0.2071077374787713,0.16460801964173438,0.14878059732686563,0.11769211272418222,0.16217610621643952,0.15180474083654122,0.09377228400318696,0.0869805915486022,0.13131198646621473
0.538299495612212,0.6287975123643085,0.5639745391623001,0.3554829376773021,0.2863122024163101,0.14797034605672194,0.12464947266032647,0.11505718833340099,0.12432319472914187,0.12545962738579391,0.09551336515830411,0.1395593446828575,0.139176737923335,0.13014845989643822,0.13985093512313915,0.12480679488172265,0.12602063003251512,0.13917595674330183,0.1816155026615883,0.1980648615089651,0.15997929021177926,0.15201468319724193,0.16171671604373633,0.15143325963079293,0.12584795089207945,0.12548050574602526,0.17004864262027403,0.14763563071645525,0.11038922098113578,0.12166664910933078,0.11989815869107215,0.11698615338812553,0.14036246120328455,0.13566336851707406,0.12243652873176944,0.15194594459198021,0.10534886347978496,0.10409846879768889,0.18362855076386497,0.21882601139617838,0.1841112882358229,0.14484644724036913,0.24302435714949325,0.29814647873805616,0.2919791163180437,0.2752318205075492,0.16904601988959755,0.16543131757027096,0.2003290350696205,0.17327110553145433,0.160762484730856,0.14860033261215538,0.15953006999914435,0.14172554415405006,0.20303941370018516,0.16787876192074708,0.15213997456016087,0.17498915670778045,0.15890523868061626,0.16846325740497217,0.13604619278311167,0.11365400674555899,0.1294352654590381,0.19595521821474077,0.22543616846280007,0.19006853752060435,0.20310892882544482,0.16727467474026844,0.1357601935922651,0.16429458831157256,0.13804826775656776,0.14228286554488032,0.1781339278873087,0.1534574395052764,0.1256923233534331,0.10621044135109468,0.1396005073606934,0.1447040911657601,0.11767401251940819,0.14388338432313397,0.17656101959867862,0.16108094957131364,0.19674336580946786,0.11704813703746342,0.1034307455242882,0.10411423520724383,0.1227332909280488,0.14492282166071271,0.0973633340141901,0.11672129015116525,0.1363619273044528,0.17124277638508656,0.2477976161288511,0.23616229231261932,0.22961798220625607,0.20529836764025242,0.1832358885931388,0.16057743978771608,0.1639734409410788,0.16871735533297766,0.14800746714650054,0.17234795594903612,0.20069762053308207,0.18227530944061085,0.1590861162680452,0.17006697230429668,0.21176137409977797,0.2582150583581954,0.19313970957639215,0.15580252297659003,0.15257898227289365,0.12675012991573423,0.11285211006397793,0.1271137377743377,0.20829059583936763,0.28083842361501327,0.2411219474333933,0.1655192539356231,0.1973988950583951,0.1432821855106201,0.1779568126899547,0.1319824051725098,0.12607529241486135,0.10810000024369307,0.21238460488919064
0.23621922344381605,0.3396656452749426,0.3310284982704483,0.13848513939571055,0.11545861086850927,0.1456789450665204,0.1348696096710809,0.12489687148107276,0.11708791838124295,0.10469902324225103,0.10904684553169826,0.12193316002940084,0.1444118817202595,0.1856132460488332,0.16059782577782983,0.15214318185815917,0.12171005568111078,0.12276292281021566,0.12316289576614206,0.1281060465128826,0.12851797574177765,0.1713589926819294,0.1636822614007399,0.14608908529426914,0.1556993371948363,0.12318651914037734,0.1155248839566999,0.13762310394768762,0.13477766752063705,0.12687867431548783,0.14082556424690856,0.15740810454116586,0.1411653259875542,0.11721521230081058,0.1021457351678857,0.12436883962986649,0.1579582867271215,0.11674852566545597,0.14059143186950399,0.19693475062307825,0.15805061567524703,0.14037452404880962,0.1559742521956295,0.18543780413967237,0.12622173499353534,0.17839560716765845,0.1581868040727836,0.16371518053767678,0.17445842637496103,0.19035186279110555,0.1756007081829498,0.13588124967752022,0.16898793176828283,0.11316049325558886,0.11430840349015502,0.11189669289141643,0.12796756351363395,0.16640704208578297,0.1780222234571725,0.1701152668643917,0.12618341911942546,0.1190018922137347,0.12177876027999762,0.17007272710576848,0.19371954961685547,0.14497778850125584,0.12784146547900052,0.14912276775571778,0.14890945912952183,0.12402988057099121,0.12230407770589521,0.15121058392120154,0.13127734471611133,0.14369965300642953,0.14416579936958823,0.1482369972511141,0.11032889261588918,0.12209196001438094,0.12556677858499696,0.14439688645320045,0.20790293121499184,0.2229128074465193,0.24297599950467105,0.11993056130014193,0.14410807412292012,0.1209019756540678,0.13593949102396863,0.14132689741590831,0.14182526357390846,0.14809906800741213,0.13609902821663897,0.15949275276371597,0.1973768968957833,0.24148007626270088,0.20466989126950233,0.1607673807825518,0.12515694697803278,0.14188162767332224,0.176419365339256,0.19550584403922364,0.19347028131629046,0.2830657941025144,0.27597128082130795,0.1609911232091672,0.12029379423088973,0.13184806599265309,0.15403432757208543,0.168162966270907,0.1623151319859043,0.14314545263326245,0.12756834635143555,0.1113666859085192,0.11990048852126214,0.1394671770379125,0.22237271841867673,0.3050067195768878,0.2798289670169145,0.1900928468126815,0.23743610942907734,0.1757465226917777,0.20138796886073446,0.1311630860450414,0.1705198589711156,0.12267412883593556,0.14221953075118124
0.1234913998048357,0.256208398294304,0.22217294465639706,0.17246277359283885,0.13570537912836148,0.1390126057050368,0.1346667557713271,0.12066624218244314,0.13482807868462635,0.11131628570858315,0.10113372892476757,0.11737057597857914,0.12957177627279665,0.14986606820560466,0.15764621753970068,0.16105293093587497,0.14223671529308585,0.11660299363841886,0.1298096265028286,0.14068281514525816,0.1410104774200988,0.17128557975956665,0.1905762296525817,0.1801176441263072,0.15984597734706418,0.12754813481059177,0.12620257851771516,0.13288618826993046,0.12147906900767404,0.11626145793391457,0.11682308061435465,0.10718589790606368,0.09917957640343021,0.16189820060824878,0.13734698173187648,0.11207142658494643,0.14284398839946705,0.1355453117782457,0.13260363386976598,0.14608203401206687,0.2007018881663678,0.24934387067769856,0.2775008849936263,0.21222258363058177,0.1869216728265908,0.2083121992234859,0.12455000021063678,0.156174560464992,0.17179025295073116,0.11791198418245444,0.1618107170938662,0.195980986869061,0.20965455058495308,0.17127510494953324,0.14248309640982487,0.1577144720931056,0.16038885960665542,0.1956023115147379,0.15053156032060241,0.1413046581616862,0.15691447745649018,0.18601175431469993,0.22880842756926215,0.26229132782995834,0.24512646313649808,0.1895950452299015,0.17521497424033713,0.15205855811713756,0.1411719813553662,0.13713145287927037,0.12431119121439906,0.11809268263333937,0.13401516011728629,0.1489574885276327,0.10961601004809161,0.10448319160642305,0.11686849409158355,0.10787425569924111,0.10608074923397506,0.11788976485409142,0.1020328493215628,0.11690949921703699,0.09978880857583029,0.18337066867959653,0.1864953025157715,0.12595060939061528,0.11092836928205273,0.17931545756545958,0.15200474754751317,0.14155715379058953,0.11126112352134322,0.11735947117632184,0.12506652310924332,0.14487385454807628,0.14321542607104934,0.12704167767751837,0.12643950032258836,0.11193263486923746,0.137354011335685,0.1871353890469219,0.1834345219050062,0.2748817696953868,0.29042937445756134,0.1506066917283758,0.1401089071275925,0.15933601713570675,0.144469349423478,0.18306517856786517,0.18771686118571332,0.13457359636145697,0.12296445828037506,0.1337326287299093,0.12778240425801837,0.15862086228387748,0.24950600263890038,0.3187389602195138,0.35598555192779935,0.33008471168853665,0.17069867223429794,0.17653491247430117,0.18858916898483444,0.14449449326164923,0.13729827231112568,0.13396196168482621,0.11445445028829512
0.1343406624494601,0.23078706242609928,0.1154703541494924,0.11769125921387999,0.11476686990832989,0.1208789962935183,0.11027240470914937,0.11723710343935084,0.13980666023125177,0.14220365706400248,0.09745865934314074,0.10359309546452317,0.11907085396066527,0.13098971442965532,0.13834429775032045,0.14443312591617755,0.12407253416411568,0.11371243239957411,0.13316525252169148,0.12710548658806942,0.11582260681892873,0.15533986814563971,0.1605386508157703,0.13563174548024332,0.1196770243767517,0.1356910518458612,0.1546972529708871,0.19313749688744927,0.17185996036324347,0.1258413074636128,0.12168718948767077,0.10253548587377524,0.08483307796400955,0.1375368670595832,0.11580459307260417,0.1303260684808182,0.15593180871229492,0.15313752347658674,0.12620371198387045,0.1377938795660876,0.28094962973568716,0.26772041602984264,0.39847968454542687,0.24202866497694073,0.26295366866172704,0.23118206799032207,0.191723621493286,0.22948968200369138,0.3229799792589312,0.2467384246229285,0.253809479419015,0.20826984482888972,0.21820320964133216,0.18540032231376166,0.18321515844789757,0.18820038089592606,0.18727672734075776,0.1615923488623065,0.12855895729680183,0.12365334352114268,0.1214062760755949,0.1362476213927058,0.16923872453678762,0.18195308364267368,0.21758063057451793,0.2524295887116784,0.19715256615054283,0.14150873876552572,0.147399604348588,0.1534677451896847,0.13630362727743603,0.1333224374657923,0.14172936706756298,0.16658677026096486,0.14476769292439998,0.13511262908245444,0.16357687504037202,0.140051220853387,0.1355766961608014,0.11533301114042215,0.12985831905253073,0.14187804281517288,0.11242136895489135,0.25688910008442817,0.19279775305199606,0.15057192319308954,0.15093854257506656,0.16094729147367534,0.17811967132762968,0.150614267976734,0.15078219423931383,0.135928976672254,0.16597828456753472,0.1330897409598399,0.12500510136869106,0.10914352867625672,0.12129079531405115,0.12101526367169749,0.14044222033817227,0.16233888393355522,0.15628582572258504,0.18387009017244094,0.23250173937782853,0.19497000203348777,0.17317628440904445,0.1735816926713911,0.14652107458003416,0.154438065602594,0.1397586582414551,0.144951060264137,0.12590220728936952,0.10691387157417791,0.12238782794110627,0.12287560737443814,0.14729226813701074,0.15426997132117035,0.19964017702155004,0.2228569219488083,0.17571373255576592,0.16002947909456053,0.19726376997011996,0.19640712760430637,0.15733240535315052,0.15523161236358685,0.11997785060358887
0.1606890467522319,0.32059992121749353,0.13264705923433745,0.10112222412112877,0.11479501924143684,0.12215899237125748,0.14128566045400015,0.14019068071007335,0.12583638329214092,0.11984166222473125,0.11707428981623197,0.14483682195132902,0.16177432932362992,0.16936535941941266,0.16458316313652396,0.12923946225854005,0.12144605662911129,0.1209137600331807,0.12796209503235745,0.13190240718792481,0.12171847479596032,0.11910456139541692,0.12851130873388872,0.13186409204307545,0.12692184704536127,0.15184906979389826,0.2037518146411625,0.23097171690648952,0.18544673039740425,0.11631177976337911,0.1291500218800231,0.12507312625578312,0.12160576369305101,0.11859772096505455,0.120471494342888,0.1162525325568671,0.15222615281127636,0.16288919981215608,0.14036941190086333,0.1301388109230328,0.18653118007412528,0.13912968644043594,0.1400176712203262,0.15546677346303914,0.2478140509360247,0.15392468582488347,0.14258973479432654,0.14367786819442854,0.23386812732959747,0.26982258727180297,0.228867451902309,0.2175653805156684,0.23488413532040084,0.17680374315767747,0.20872997830563805,0.19562047698998522,0.1741523935792487,0.18649776109636573,0.12690808408803653,0.1000832730428055,0.11017814466953521,0.13540273105594092,0.17887994190601283,0.20887411099453163,0.24985674497928811,0.2981713960392677,0.2844694543707593,0.20226551434387352,0.2017714109789164,0.22927011209298326,0.1869472645251042,0.18510686341533342,0.19006770125742797,0.26288885388064703,0.25710460941589175,0.1712567825794938,0.22153419386714157,0.19649450998203893,0.1673969316333413,0.1457785399577461,0.14676112129142577,0.16394706170646128,0.18756896517341556,0.24767021486468088,0.15948543614134267,0.18328632739475795,0.17738424734048402,0.15414420146293512,0.20749053249766714,0.17649627689837166,0.17828867985107727,0.19776998313316926,0.17358079990989922,0.13545760654737013,0.14083816461278273,0.14567320924620347,0.128355694212513,0.12450987859778435,0.14347720806858985,0.1297005001366552,0.10691334736372762,0.204588712778083,0.2945551689093846,0.20276605576925952,0.19697527752598085,0.23183411379945051,0.17596373527340162,0.15406508702448382,0.14043067545175303,0.141218632623129,0.13878076146604942,0.15410851030932046,0.13498150922656615,0.10219603030889948,0.12496993458158442,0.1357531141927696,0.15064067756520244,0.19677559352634166,0.2759243536063874,0.21902510143300233,0.15851487166271927,0.17197266262661215,0.22833559131864836,0.2404666530905561,0.08038226747818486
0.13694955993916508,0.15371113634918235,0.12141577005851342,0.10524354282027244,0.09605111547106104,0.11859687125657836,0.1643848486689457,0.1433300358204435,0.15018739767926884,0.12952601094511088,0.15109651791549691,0.14989089758844565,0.14052812389300223,0.13306511064490176,0.15421286681467408,0.1823694463364799,0.1845267072474085,0.14333904325837843,0.11420833898888408,0.1112952738497718,0.1209259502620931,0.15554630246481224,0.14928766286840553,0.1377475533505952,0.1259544187348887,0.1446880630454476,0.173912702933734,0.20202612667846087,0.17032867271261604,0.13588889574012658,0.14681378835533673,0.1445410623572012,0.14395852015889846,0.15621656176586624,0.18094715522703056,0.1607338970684315,0.12449103291424751,0.13155895861039452,0.1753978790363638,0.18945428457705837,0.2311252421477388,0.1273426662778109,0.14058391534856093,0.1344027364315376,0.16025025773070162,0.15437508315971507,0.14699516510669822,0.1134493186676937,0.1696917437056748,0.1937025787738513,0.26033596263344577,0.3031683452423014,0.2496675696595157,0.1606974724827097,0.19597233069645675,0.13371560462990123,0.1486866976337806,0.1544728165853369,0.15598695227976228,0.1326423729926871,0.12600691481533588,0.1364155927180693,0.16535786001036779,0.17267270320017103,0.2035208942387669,0.1881627628118514,0.14468678613078162,0.14284301715130118,0.14082945987811374,0.13907357337826143,0.1478151393487791,0.1515698988038659,0.15932218943217652,0.17753385206307065,0.16298721804514751,0.13647334695991478,0.1317660710635205,0.12528318680775338,0.14057286197409363,0.1416556373724613,0.11357021377995641,0.11574280742522466,0.1419341593749395,0.2003951139129588,0.15527734465432919,0.13873790998966629,0.1483383282851648,0.12797398551748498,0.18356953677909943,0.19569887266745656,0.21907669096763532,0.26069228923870846,0.2512898838482404,0.1715344871423628,0.16030974757438843,0.15316912471540023,0.14728101434065854,0.16388883539916252,0.17020023934964199,0.1525380389441681,0.13551769514682566,0.2688966471099677,0.36464267194721933,0.23637703632484466,0.1983695307205211,0.2651976338397042,0.22552805669756712,0.18519493943851412,0.1830014186533408,0.17598144270953667,0.16446001881910086,0.12224882164024023,0.10848650451775196,0.11990447966826855,0.1713563858078182,0.14325054581111116,0.14660968618670753,0.19079021193900958,0.22348352739815114,0.21688099123782503,0.19926867484794614,0.17110154164395852,0.18699224250321608,0.1880317909364408,0.10979787820490294
0.12787038838360948,0.1264829305938039,0.1282092434130006,0.1052579808613595,0.10113991240018856,0.09239956990301128,0.10660155446831884,0.1412231977428267,0.14282956378322534,0.12133837698290488,0.12126600463842811,0.12625121338626197,0.1360343844556301,0.16150675883191726,0.2579638599511776,0.32170138847177265,0.2749927794616795,0.22860452092902409,0.14103324226997627,0.12335300027780724,0.11271480846984444,0.13893800891679553,0.13737691297577484,0.10138522621754884,0.10622426337254248,0.1899266027036743,0.2143107418457061,0.17298253005071698,0.14574318418863141,0.13259931089399635,0.1546472038227146,0.11792351816163701,0.13617318766517433,0.1712942278565349,0.16650724173088705,0.1441172857317912,0.15519084466891955,0.13759319521095895,0.14346939842608702,0.18624652441994605,0.22377433249859796,0.1402762878745185,0.1588851703057308,0.11213514752132073,0.10461096133547179,0.16014600138174018,0.1634131094585179,0.15342856525471252,0.2102273164749939,0.2325977718961621,0.3892675017780099,0.37910749882967837,0.41677166626997325,0.2480411432017596,0.18174318349521318,0.14198088968388556,0.1603898040885075,0.15663281506293486,0.136944652946599,0.1371147272265745,0.14775025197699224,0.14385975497020415,0.16047350172134575,0.17644621251575712,0.15917751028018234,0.15669725014891464,0.15954708653929642,0.1501710730118643,0.14736660975210103,0.13496808532531962,0.11477478806420072,0.14193821326482137,0.1938597002795942,0.3448902720111346,0.23044891981619664,0.16447353428643513,0.16754899588574448,0.15914953438157328,0.162730608374801,0.13545668014173745,0.11427860334816504,0.1460153287878308,0.11248952580732631,0.12990036049889145,0.15676887953586044,0.13035851627689998,0.17248774991014798,0.20465682536354055,0.2506488281345993,0.22741216987856078,0.34388586163066676,0.4513523857961685,0.5058392748403281,0.3086993500151547,0.26265551959176875,0.20321737970878356,0.12201712345972794,0.1893653334099016,0.2149938726464853,0.16241150796753515,0.15654325023702587,0.29375197783850027,0.3363077719907783,0.20772995277459236,0.24383562577995943,0.30124210672750157,0.30326698855443457,0.29006497274939497,0.2696733424270672,0.2210509231691712,0.15598818004793016,0.10552432776433766,0.08960914218148322,0.10406217624391349,0.1621914887578266,0.14525101858799744,0.1421928355101112,0.17209625437877327,0.15786278577566062,0.21279043173121925,0.21409732137550597,0.19855132245978357,0.17953075905768542,0.2551318981498861,0.16616759966205993
0.08456558355863267,0.13097574018957453,0.18916996571544956,0.1544341367627834,0.12719932289087985,0.11901744352886279,0.13081421913195812,0.15075163698388264,0.1501879705770949,0.12301220914915122,0.1085357433591958,0.11093831822552738,0.12828836237820784,0.14095455201922305,0.15531707156268226,0.1720797290529505,0.17878261730419326,0.15515614896970772,0.1265575878850574,0.12573246452380443,0.12924432170387126,0.14037601583363896,0.12122137440907267,0.11240572723929415,0.12052386501616877,0.12276908540485344,0.14504978337441488,0.1575836847401134,0.1436843529408808,0.11746487307343119,0.13609401654880618,0.12133175460714324,0.11987255429612216,0.11807829621396321,0.13434852071393324,0.15623776909584797,0.1306737808453915,0.14287768967987796,0.1305910653631344,0.11166762520687673,0.14399198721126436,0.10717344071492432,0.10077196947474289,0.15994711936127248,0.1819431335179472,0.21937086498932995,0.1556000843863508,0.1566883346809755,0.14749627177045216,0.20902914055001842,0.2635801774511439,0.37247230763251127,0.3479108087574629,0.21634865665325503,0.17287415385205296,0.13742338932148992,0.1613851350759825,0.12965729555807684,0.1172177578186517,0.1191750232166975,0.1226346851834114,0.1314180767061305,0.18694503528609127,0.19863246606192045,0.1664537838499505,0.1522987433176355,0.13114428251662902,0.14605889643605935,0.16057831755831467,0.18507890128672705,0.17231929546143565,0.16253613121603733,0.18656162149107572,0.28929734558315756,0.25894769947187735,0.25357372745659534,0.18319534896579565,0.1751857004197554,0.18841356451705943,0.16571338848247075,0.09959061120796939,0.10978880989586101,0.11210414819287615,0.12741075662512535,0.13858971153391958,0.14779513500157831,0.14354761779805214,0.19684377004190262,0.23110041657082342,0.2708785752290241,0.2686417740253578,0.36687812081538446,0.4269203293497857,0.20334169982163136,0.19109771171383963,0.15633754661908786,0.13309607990112404,0.13728904029075598,0.13844113100047536,0.1545805272204657,0.1322793828014878,0.14503333006892555,0.1591956177237184,0.1292157698464909,0.14570258907342865,0.18788886314431938,0.203461622472777,0.1966642476097532,0.1713206432895526,0.15386674618435203,0.124112156608012,0.1007971340915836,0.1128606367830017,0.12408117785748808,0.15084878462793222,0.15406507843936146,0.11849702606792578,0.1397583003515897,0.11261315294366231,0.13069136830079722,0.1289031293995251,0.13951302906595092,0.12332795684728524,0.14381116288987572,0.11990031279977052
0.11484315485854557,0.21450231624062585,0.2159012103580555,0.2076888839894479,0.15980419506108473,0.16303046470142057,0.15695871098480088,0.21123356184776976,0.1646391639278345,0.17105963025525772,0.11413829252911334,0.11392736046854193,0.13021069291216883,0.14473778251877348,0.17113070175771744,0.16810912725907,0.15160941074349293,0.16018620555259552,0.15373340245801753,0.1394092168750788,0.16133294691260955,0.16582987054152312,0.12967230187705536,0.11695526603694961,0.1324088593053259,0.15016890494686405,0.14338630823778367,0.15339465662696816,0.14317855608935745,0.12017819927610403,0.12842205815335178,0.13694213484335133,0.1425803452728622,0.1261790344828631,0.10125937780501125,0.1346064968300762,0.12885370946500585,0.1300400518832226,0.14388589277479524,0.1066100591032652,0.10015837454002947,0.09113233940502213,0.10530098195807486,0.21574523288923714,0.22663795968276312,0.30135800834591964,0.12805428067866167,0.1498951117393814,0.12340421440684099,0.15971716057914426,0.17083724241988524,0.23556176621049454,0.19590031048550882,0.16344622503451217,0.13441061376631677,0.13602981299012482,0.13971829645148384,0.1310266093690891,0.14152633522611477,0.1284913690743446,0.12737113683517706,0.12355559013485888,0.11512203859131459,0.12287430238221872,0.12235051616138927,0.12724834284185935,0.12080921954868745,0.11341837739096737,0.1272354589561241,0.11701702190204984,0.13307047518432935,0.1669295216256324,0.21628112246056955,0.29957126989761523,0.22899304358165273,0.2612893265003642,0.22121659595239096,0.1968287656460815,0.2639560968603797,0.1582246626393658,0.11208740382953883,0.12593683540593953,0.09247838525326153,0.11558124403851211,0.17485222947625362,0.11990087003327768,0.1328969002567791,0.14512765614844628,0.1408703292275061,0.14287473284734542,0.16199324472582594,0.21852561699972378,0.2806891457588696,0.21996833627291706,0.22847059891587113,0.1756704660949318,0.1553207103399441,0.15657589609680483,0.1493283295734297,0.13633710924756706,0.13348724762783287,0.18465209381089528,0.17648113906422258,0.15165370628492783,0.17789128509656438,0.19354619628079048,0.21072017309889943,0.20144144141089287,0.18007804069979771,0.21060190349481112,0.16717113337592443,0.1394686052615124,0.13672722408512472,0.12743617378114716,0.14593864690153827,0.112946482670101,0.13078859700985784,0.14397093120921317,0.1277669848684068,0.12435509320602595,0.11004224112724935,0.1416817839715701,0.13146105762854454,0.10336640712291846,0.11186734987368631
0.14103344125510828,0.16946543068412712,0.243480009436342,0.18326814633445485,0.17105041533740326,0.1548951421639209,0.1477902261459046,0.2352481097480511,0.15350398034679147,0.15488476502051635,0.11035935162676845,0.10504653127845906,0.11207874025570572,0.14965074085751479,0.2013908689763177,0.19763674173908508,0.190568465851592,0.18128345539918175,0.18345690642456752,0.1762744280341319,0.18293825391474183,0.17914189593657767,0.17261937426267893,0.1520675124351442,0.14463014286104314,0.18026889507040797,0.16348964135123029,0.1653510191019731,0.14799169392097286,0.1455029604626677,0.12490301469395321,0.1214681583333592,0.12497445786931578,0.1299530657071386,0.1188297223864819,0.13373097867606776,0.1287090667380716,0.11876285019261625,0.14606407981413358,0.1372742889942405,0.11480131048876771,0.10650755723001845,0.1131130544162694,0.1441702396721103,0.17838203194219115,0.2810758124789201,0.14985782179365406,0.11300577469567466,0.11764912754474607,0.16547043287313268,0.19537332897818746,0.2796370667248098,0.24658310111185167,0.21243330230026836,0.14984220826827613,0.1324124119745066,0.15186712428425997,0.1817694366693613,0.16529883300353898,0.15807468118001966,0.15171446511460823,0.1498218639500581,0.12835479203426478,0.13446544398184274,0.1527889190993272,0.15950624003251615,0.14688222749174415,0.13749080764337462,0.1492794934381846,0.14010039058596752,0.14365407642590738,0.14951407551322896,0.1597794854469217,0.2152621198060809,0.18044905724946303,0.1945790692647773,0.19284598638126196,0.16782772323642664,0.17454413017994586,0.15222153858243875,0.11902302814617036,0.13030921595954797,0.10529650555467607,0.11935711807166507,0.16549222448823023,0.13030193057410636,0.1392340772408083,0.12475789724133843,0.1457792416348753,0.1564016729635047,0.19217964273339538,0.22323764276864702,0.3385722750221248,0.2644644148913683,0.2022491392168979,0.1979498730710292,0.1891500407212587,0.21745326928941208,0.16476487112226962,0.15567414157022086,0.17814167801148847,0.2440225410232638,0.2284105733889018,0.21389550423268555,0.23671791949622042,0.3113358051589117,0.3385614601444745,0.3018080461057485,0.3046456403808253,0.27092119986531066,0.16968339658469914,0.1523000951542312,0.13147710849616898,0.127476390125225,0.12186993821170512,0.10699885901024966,0.14768278073779006,0.14602331262820203,0.1286332742587882,0.12657980710576358,0.12884052085946662,0.1506276771894878,0.12619520780036692,0.1268475465246478,0.13656678736458874
0.15370983386159445,0.17390894028436157,0.2062930632427723,0.1963246327816055,0.16042461781509298,0.15134460880188674,0.13267420665528995,0.18713935924480937,0.17420215266869765,0.17117168558763884,0.15439892346418793,0.12630807821659468,0.11006008716726415,0.1640526886647162,0.23007099734203842,0.19964888348776522,0.21207502189494895,0.20938063664054474,0.20628538344403036,0.1938886126785073,0.18432958304727903,0.22155508697102202,0.2423137745472398,0.18795806817329777,0.16260484792051833,0.19670513447420118,0.1915547323307541,0.1680972266945579,0.166804765861363,0.14865220027331205,0.13853698548272358,0.11401835752598112,0.11432870194862832,0.1257771360027715,0.1316615950100281,0.14596731355062476,0.12422479887680099,0.11089593244168067,0.14162972040977032,0.13394025615228855,0.14597646714860002,0.12401556826173002,0.11235833638849013,0.12594067968092393,0.17672099937760186,0.20208317016675664,0.1537401596197955,0.11450537713952438,0.10133263396955634,0.12842527735538697,0.15858312823133414,0.22754189841284428,0.23595752458568048,0.18999037739457214,0.12630778416011773,0.1326010941989716,0.15764750590327992,0.17012640770578696,0.1650877233597831,0.14938873953102982,0.12620643691304173,0.12785864509906103,0.13243696899582144,0.13368886585381368,0.14235926896454418,0.13863515003705287,0.1284684664938378,0.14579948830580752,0.16145975751126976,0.15980425936547546,0.21826996606916688,0.1848915551816199,0.15820527563642536,0.19867912942416238,0.1887205588426322,0.23231427963251639,0.1803577106356485,0.18605171644405868,0.2862134801983802,0.1620327610591752,0.16254909399680068,0.16234376037603993,0.15690494186161053,0.1639707038048636,0.16944882099331746,0.13217680219712338,0.16606214021817137,0.11372016957071934,0.10863447579775753,0.1623390974124651,0.16011060453792383,0.1953243644026615,0.31737319575732403,0.2273697978314872,0.15889048114202367,0.15804635277512447,0.2255892247714715,0.2823051391421034,0.1697340260889739,0.16067678873077712,0.1587749110656303,0.20863497103227233,0.2260942857706003,0.22617629274383347,0.28922275054378466,0.32068276421683556,0.29879467376366575,0.2567663748075849,0.2658483681381474,0.19722522656939537,0.1383356001037977,0.13688636023881973,0.11641181397317318,0.12511065554220274,0.1447460766965929,0.1317487195608349,0.14297162704612362,0.12234459177192224,0.1460268862055059,0.15440431072999644,0.14770973533854653,0.15442955752366733,0.1372801785461462,0.1314915859017033,0.09473944908843066
0.13425741655679715,0.1630283083549665,0.16519129475288552,0.159506518274203,0.18472499803867615,0.19169981625586352,0.14619099255744578,0.15442101171125586,0.1397640069018275,0.17657167850772051,0.18416037022175252,0.15657559150208086,0.12727163636220973,0.12703266997778875,0.14940414070531108,0.1468841476845995,0.15346774387727566,0.15246841359739347,0.1567406515642514,0.14639693304924992,0.1342763373364953,0.15376628195624056,0.18189837732971642,0.163146660483554,0.14592717279422274,0.1282751824151271,0.12178958216094463,0.1439078248802216,0.15429432332573967,0.15829867648518497,0.13391844940887565,0.12084467318949578,0.12797548631861255,0.10812606790745666,0.11877598708865045,0.13203307770899939,0.1201587074976886,0.11466777147678239,0.14795359506040542,0.12471568566107645,0.13759017178822552,0.13095081632592798,0.12625899655087852,0.15325252048985802,0.15054923176063062,0.2202006855929948,0.1492401579236153,0.09670901978827594,0.0973609745033005,0.1270381616264813,0.13062276290749253,0.15764147507267334,0.17461243176206304,0.15532430195056637,0.14647623808336405,0.16138237541709427,0.18745108391735146,0.15944583218920855,0.19110777191246792,0.18440604856130774,0.1309743250496179,0.128420646835358,0.13623919552242425,0.1288181760799679,0.12337952758241447,0.12449471856442368,0.1219064870212051,0.14974801932027082,0.16293126993802776,0.14695247792988708,0.16218749834377613,0.13714414568331354,0.10423116148082665,0.19727385706925044,0.23981779288412858,0.2589426366253752,0.20783076291450917,0.223935380950254,0.37904777751984015,0.1658906994221294,0.1650413058135671,0.203952457609445,0.18685258270966373,0.16938428507519587,0.17824314770082217,0.1469558266783204,0.11648781272199425,0.10375533879884213,0.1288457597651836,0.1399270964552873,0.12731857267479935,0.17218865617037837,0.21090308723920398,0.15260938893020326,0.13670382841322246,0.1395559430039708,0.20896825550645248,0.26799619253425083,0.19428377753894294,0.1643410045387394,0.16741999582957695,0.2234959685270253,0.2642207320443066,0.25165667054084706,0.30092752158617375,0.39127182899480734,0.3728970468761005,0.2991723015143739,0.35067852378711656,0.2551753692499306,0.15224976315522049,0.1367410798961179,0.13754616658886043,0.15574633256750706,0.18824506251871592,0.1500923581879487,0.1733507040766012,0.14847897774582014,0.12779278307719188,0.12823164965460745,0.1251696264277026,0.1285754958038202,0.12586447914138216,0.1526363185123883,0.16268260914198998
0.2080350422074026,0.16815119911394724,0.22347912769567643,0.1826852933498738,0.23087016503717886,0.2300745428457151,0.14903061424399106,0.1266945519226582,0.11358044137070045,0.16110867237366291,0.16819336147895692,0.14388095534579506,0.12874321344050788,0.1087184711616823,0.11588795556713283,0.12799279019573848,0.1071849346565516,0.10949432246425378,0.12898294912865488,0.15441294699365965,0.14587304804826928,0.14985593345914633,0.17021660972842745,0.14323904704164092,0.12491113066904869,0.13136037450698068,0.13157173626574264,0.1478894133060496,0.1603513895773847,0.1437803409929173,0.13422870459196662,0.12116844387642732,0.11640099959474601,0.1185372253269549,0.13657541321060998,0.13891500612472565,0.11888798317808666,0.12855331097507877,0.13434444204357227,0.13343470338628427,0.12158737683593032,0.13554470025370635,0.13006731426845264,0.2563019603081147,0.18971203986374421,0.21675706044224513,0.12471437188821148,0.11644773376120868,0.10646571660060203,0.13809200852831913,0.13355444633887037,0.13325180734128236,0.12812045041155862,0.11216642320532066,0.1407042978490218,0.12007597632895478,0.10992799972878324,0.11707631635424792,0.193638148737192,0.20227217342567394,0.12346494781619272,0.12156325753086052,0.1200995694538492,0.09956753591650898,0.10745094527910183,0.11646169782686425,0.1222359862857941,0.1532674403160027,0.16861126703442203,0.15757289980137762,0.13789862240396666,0.11868333726119211,0.13432829758001302,0.23679836111329888,0.24812459024591432,0.21071360852678922,0.14600293645397489,0.13798773733356592,0.15964744728020644,0.10987118968912452,0.13074688105560464,0.11295000035337086,0.14201733650818357,0.13738692964764243,0.15733472743858545,0.1843634703967267,0.1512932098605058,0.1251471419841106,0.16801810446808968,0.1625117608395892,0.1684520900602705,0.17950052958881854,0.18391990973089314,0.15686871332195085,0.1549489828392571,0.17594065535657916,0.20922621499466243,0.21967653261007833,0.15720050866158325,0.1490359009172512,0.14932029381176182,0.19313265422229786,0.2514401434421361,0.2867850348261087,0.33239652924491647,0.48125103298021,0.5017925493764893,0.33585081171599707,0.365186176840418,0.27132114934551654,0.17806300812031084,0.1483173899318549,0.1335430851703445,0.18015473219974126,0.2157770049392749,0.2003452548157845,0.24162524974095428,0.19893255532614626,0.1823117455625493,0.15651614600355185,0.1264199405261833,0.10417142390515952,0.12478659891793757,0.1835637677394373,0.1461663305296801
0.1957836922509767,0.1546275035989323,0.18348591254531832,0.150399502276429,0.1675692212064357,0.2120418412431962,0.13607116282730827,0.1314059693135873,0.1345673716362511,0.184043110915376,0.15905804775793062,0.14541993511353174,0.13196581023759033,0.11781103782845848,0.11900872030261925,0.12554909409380444,0.11571173647305066,0.12460909591068509,0.15601899382405637,0.16063582406263688,0.13264093597999713,0.15276454255133182,0.18423438340930295,0.14682873175534622,0.12505019298022335,0.156231664898057,0.17736297136198817,0.1616746268662232,0.13617652401975935,0.11370976388580324,0.1322411624135872,0.13243502082938852,0.1413242225433093,0.17345462118568242,0.16346934595882662,0.18773007832287614,0.14641278367597652,0.11370902704516837,0.139143872526039,0.15338265679486093,0.12957656485291885,0.13634582146619242,0.16563756336286237,0.2627255336811362,0.18861923428854888,0.18275255707283772,0.14482817991660563,0.13963389330191373,0.12314343835829857,0.13682139786940548,0.14731637173086212,0.14198588422760833,0.12034815446240067,0.1222615487469672,0.13570396740614213,0.13706538547043912,0.1343344700844809,0.13014632087116204,0.1548020537596555,0.15667434112487474,0.1446781738968288,0.12991707486407278,0.1077732639503246,0.10491675261373887,0.13295206420719244,0.1368558258062103,0.12649479574174882,0.12439415223825666,0.16539679894950643,0.19698312089692532,0.1394457588556866,0.10963007940354434,0.1553780763830964,0.20310359924519422,0.2417580724860392,0.2063729438489706,0.13715231754593282,0.1358084765421927,0.21437670677301385,0.13715857648217417,0.13779060872484605,0.13110782181005226,0.1209835140624425,0.1386171020053811,0.13900619243981072,0.14462728337265962,0.13976060892906209,0.16464848962659243,0.17332861089107424,0.18772347599456024,0.22900502105808646,0.18916349988714304,0.20660892227740169,0.27767090550229034,0.21599411677852864,0.22077781531223167,0.21212519012888992,0.24195154572643146,0.19779775391743715,0.16309900875081168,0.17343882524067372,0.1983368839687838,0.2640525066991265,0.2744942290258634,0.29349800343145754,0.48225724828196154,0.5034361789487343,0.3250744110580104,0.33958659964057236,0.24745091223638443,0.18678511124983574,0.15291263410193762,0.12684619053782087,0.16679233930096832,0.1937049423821397,0.1870462951470326,0.18180202564011033,0.17734293625477643,0.27315061663518014,0.21510992584260433,0.17848581732826568,0.17024870783587948,0.1298443828882772,0.1613606079777323,0.14455190369251406
0.11047520725779247,0.10826591247202853,0.10286502396699568,0.11929481413320167,0.16524404480886246,0.17045019748258405,0.160687820526063,0.1448757837775256,0.13938898263089244,0.18357068450244152,0.1747561821162134,0.14597624838603052,0.11811196444676322,0.12252506047359357,0.13402030508752621,0.13118525318575158,0.14595101315656583,0.18212330998461834,0.1946713233889873,0.1780151670764406,0.13040195596861062,0.12083221987723691,0.15732038887126998,0.18093776277824652,0.1979793471861928,0.20039671323004665,0.20764846628109065,0.17603385921611706,0.13903111568816182,0.12388913522669978,0.18975687945471914,0.17441385667855624,0.17994139188823105,0.21621382473662942,0.1645366164379299,0.17681047452063875,0.13361725283335252,0.09436706633059917,0.12419493260575333,0.1474646326158676,0.14441061593771443,0.1686223907655937,0.2010766202715189,0.2615627858911702,0.17741121962948816,0.18203904369786905,0.15692516780289498,0.1873565980077218,0.1542206900606131,0.13939487891878602,0.190800040099684,0.15860006251253483,0.14029598045710318,0.13909329562833758,0.11014201711530358,0.1287922606524915,0.1400401423678194,0.1200322541135771,0.11912668939265209,0.1310988076754361,0.1369236668961314,0.1352048129575304,0.12151372917541546,0.12989372423995604,0.13704733587371537,0.12611309596298392,0.12729519551870805,0.13802825711705569,0.15236877193385145,0.16974155545620406,0.14168005999193523,0.11410226359992795,0.1275543129543564,0.15238910980319542,0.22781481671886028,0.21911121045082396,0.1439837218422076,0.1412906497618145,0.23739659797940593,0.16795442087660772,0.16609881966110351,0.1337787501302564,0.14113204810053637,0.16278684058215886,0.16080552697428974,0.17272666484394275,0.14558896860774168,0.15216638028835566,0.15906816683426725,0.22722986405396295,0.23445835798014356,0.26362907711555794,0.3022645951160579,0.3836697365902358,0.2532460403081981,0.2465686690660884,0.23631921489302038,0.30688034215742444,0.26607638719285304,0.21445235370677296,0.1977042985121118,0.18676403349471807,0.24087611611590515,0.22816480346999296,0.2792841845890629,0.33652669209282127,0.2612474450546628,0.21532180923052027,0.2534070091200912,0.19027593387677064,0.1411385174159696,0.14943442306444407,0.13621120260132807,0.11929166922924067,0.12816081313677896,0.13756870316782135,0.16545249549532104,0.1447903875933204,0.15273841369025723,0.1642564628437373,0.1693094146562959,0.23270809522695626,0.1547783797409068,0.17798936551549682,0.20295714511429513
0.16467602536480788,0.11389752852161425,0.11711154374607645,0.10775130769765745,0.13990078033784703,0.15370009700197979,0.17052649173173706,0.10582540230257939,0.13397877898971514,0.18030686369850651,0.181616908794283,0.1477966228537131,0.1472958507399958,0.12678615958066136,0.11452761712706319,0.13251728686257805,0.18473384076605778,0.24379534317495938,0.23889457026713923,0.19170649002416468,0.11797684098835348,0.14927860304191023,0.20328665157269532,0.2500097266770049,0.26616375669307535,0.24944072217600913,0.23167359083059647,0.18799197734629852,0.16130218363110282,0.1418621118309276,0.23790406659128413,0.18254205875682783,0.1779138572099117,0.1797170756964575,0.1505727055162803,0.16979314573949833,0.1196550818117784,0.11439497158053995,0.11814005417124132,0.14537441395842302,0.14345766455562448,0.16172083427551132,0.14827608654650004,0.16403591517319663,0.158470924127938,0.17146275562433405,0.17626847489407566,0.17636458082171522,0.13484202590598146,0.12967978870559196,0.17061069449932087,0.1695274286494026,0.15404140203022054,0.1488266991859333,0.12307511759813197,0.1276909095828174,0.12910724861137024,0.14606649116144144,0.18112257385869335,0.16644164922261734,0.20921083192473466,0.1972290852846612,0.14158585670994844,0.11757713920689841,0.11678038218331623,0.10680802825973984,0.12579146710000286,0.1474142040028633,0.16618905923946078,0.1922548454269007,0.16666027967609537,0.13413358227087413,0.13366072938874757,0.16902811143861318,0.1982065974408272,0.22065762694359642,0.13805810322913215,0.11248114638781959,0.23070891514531502,0.18678027503760025,0.16830336668379522,0.12315184936716958,0.1360249055331098,0.16081450883192652,0.14944675633289223,0.2219757289879487,0.13131805957566894,0.16037305707078905,0.1513675094901271,0.21933008935208925,0.1803406510412971,0.18397054244304792,0.21228987331316912,0.23655896121471487,0.22872780495453865,0.21411167682849291,0.2267131918312899,0.29845787002300445,0.23772797894275194,0.2009284348775608,0.17405632615110606,0.16052814784115432,0.20163198782554076,0.2282582417815796,0.3235924874446058,0.3798962558292106,0.28299128369488874,0.22527606335330286,0.23229982978439612,0.17221469967318784,0.1426614165952384,0.15183368970745703,0.1419208901747709,0.1249325291813207,0.13032578982383408,0.13670693912823367,0.15737257211990077,0.16160132996302512,0.14311867668492612,0.15402993730433878,0.1801940013936416,0.20370986791022078,0.12795977729588154,0.1414381447871177,0.12856267086613538
0.21698861767794006,0.1316621820105567,0.11949727633808477,0.12743840543393728,0.15092793762636358,0.1919426493292314,0.26297509171075617,0.13139486683581167,0.11099266881515234,0.14243656868577448,0.17935108029125818,0.17299687785566398,0.18173990614237723,0.1447594147716899,0.13818200470637634,0.14429113706858082,0.12402077670549176,0.13690905228846514,0.1378050913666786,0.13897447782870753,0.11334602253941715,0.13356073138800678,0.1649717516872778,0.2043826503576215,0.20542935530350293,0.21471900673453637,0.21698716498177584,0.18138609484063417,0.1713655819343825,0.16690447657338642,0.24324018280535648,0.1930401864270182,0.19329699901742864,0.17038625289551634,0.126121910567919,0.18461867578010616,0.12780043582728434,0.13493114765594175,0.11597998198228307,0.12429855018512198,0.17745283307392506,0.19495047989335426,0.15474860289535372,0.14678394137005318,0.1420093975524526,0.15070630193401396,0.16277306284210924,0.1296142074895426,0.13196007190756065,0.1476823635531579,0.18397480436187336,0.19762828488044398,0.1773089542415296,0.16780728276449214,0.13859196046741165,0.13577200563859992,0.1378413240172772,0.25162378879291614,0.3087173781106175,0.2427244871772293,0.2799812333639401,0.23426065209519115,0.12998979221847956,0.11621542418699653,0.125110162981311,0.10685609109676791,0.1252732539624585,0.13971734616791134,0.16091373879423426,0.2374023808011672,0.18154559072413368,0.14992289772545364,0.17132006950070663,0.2164778640725623,0.23115035836477965,0.2894936715827444,0.21034798196359944,0.15439151854472516,0.15429709660488103,0.13684992935469512,0.1220351548437918,0.10339971285937216,0.10488966939144018,0.12442508739504116,0.1344199754172123,0.2061205086830799,0.12532836296634225,0.14987912627614458,0.13424667047354205,0.18233272545014512,0.14959355016078732,0.11368540105266853,0.11598370208531131,0.16400796814647492,0.13828612507633387,0.1351529174004713,0.1459134913910996,0.1817167905506429,0.15439314700559967,0.1336161593279146,0.13794046389690423,0.15435917846920771,0.1821121391161104,0.21462757743309172,0.2620346882191386,0.30647317674306956,0.27175684222777585,0.24440689578764224,0.22126739075361548,0.17067896726525567,0.15333853519328175,0.13686898679298637,0.12764576704488342,0.15382756279669527,0.16893824862936446,0.1296283916398627,0.14036483523126464,0.1383992176045471,0.14078189735611527,0.16327884880425209,0.23885764240829244,0.1839805216967939,0.11912845106787975,0.14292590249250012,0.11305924985381995
0.1507706441390285,0.14911705624015736,0.10629103106442023,0.13955140995071688,0.16726436117714757,0.1991183318531251,0.30253203843561205,0.1445659411417525,0.11882372132858422,0.14993458394692838,0.17381023848754412,0.17105361563652177,0.18563547508233685,0.18812089123442155,0.22716463501549827,0.20136899313948692,0.1301518954572405,0.1265280331971336,0.1276424375969091,0.14318110220967567,0.12603897513834722,0.11587117193596225,0.13016820647967908,0.17198355661568665,0.17323903730840967,0.17631122055295825,0.18552420692876265,0.16457730858624892,0.1614018287132193,0.16494064888937243,0.32486387175473197,0.25139779716818467,0.22819451256747814,0.22107481996365946,0.161617920263936,0.16331364487174882,0.151788006782626,0.15128883118735126,0.13135847962621974,0.11315676477036678,0.1535819441773954,0.17926460144514972,0.16112387996814503,0.1985909187220449,0.16508179531916348,0.16476688219795688,0.14862218532475976,0.13036737087575312,0.15842912172528203,0.17174881384315804,0.21309689157424888,0.2179996757387433,0.1760145626863119,0.15836642564919495,0.14059341157093855,0.1367959597302269,0.14267556535459922,0.24058200012830366,0.2582373743831206,0.20873659003904688,0.24698253593936548,0.2156403472735303,0.13150493206705904,0.12055696588331687,0.12633580986705903,0.12165829199436848,0.1327917408974157,0.14692615582486024,0.13408017497616204,0.16406013085014026,0.14141629108285178,0.16661252907532095,0.18371008648153986,0.24831360932385135,0.31894259849180756,0.41452436591592035,0.28033650087052575,0.1703299000951362,0.17079403633110823,0.12744202086016876,0.13349171650812736,0.10412958456849156,0.09325570708606809,0.09875558539524316,0.15219100114227946,0.19282301456379491,0.1427948234872521,0.1401397775481606,0.13612064802657006,0.1479862697944969,0.12398360693200396,0.11387581546068902,0.13763351543158142,0.16247539310546721,0.11111097293657413,0.11545524118493022,0.13217530235058797,0.17532305585575914,0.14938352815553124,0.13502668605670398,0.1281166256146713,0.13901714079661123,0.15203871806444202,0.165481736065912,0.18895839088318708,0.18320770588777593,0.17372966516719168,0.22088009161504868,0.21135798973910985,0.14446241561873027,0.14429028394034643,0.15343957327000057,0.13250656536849387,0.1645123518048004,0.15532579252559114,0.1255629979940267,0.13350654857125177,0.13113049625484147,0.12795005798411882,0.17077909730250443,0.2234281346380174,0.18995682063044952,0.1246887290165141,0.15581495949639929,0.14984690344421908
0.15372374510749937,0.1791407519334456,0.10817286910570395,0.11264440425532071,0.11540419840606916,0.138280065240763,0.2213290594728819,0.15156897365893582,0.143586664195282,0.16742789449666873,0.20502211058866726,0.19272370439830844,0.21212608166087343,0.2634331671496219,0.32513418589084775,0.22509569083502654,0.13087884964741986,0.11916422109862296,0.11536574009381798,0.13066802897467497,0.13932951389512482,0.12920288891453482,0.13963068165094347,0.15975733804682501,0.13879810140406684,0.15200488640270768,0.16509887142277702,0.15828344458909327,0.15852411308367814,0.17057931359749717,0.298069333791638,0.2474114732963958,0.2429567813597725,0.22353076052021933,0.1697417953146828,0.16573697661922063,0.1777123895364953,0.1559594696429116,0.13635549348284332,0.10679524175364952,0.12322740425945031,0.13428292952324028,0.17517601190770005,0.2011920292016268,0.15832593084393046,0.16171973160632075,0.16088633957808496,0.11320910494328057,0.16148294907120325,0.16123551264359665,0.18729865213077188,0.16820028451192673,0.12203354871773212,0.11872222774824695,0.10809128751865613,0.11676229369630886,0.11370696297124061,0.13624820210649505,0.14311855835594584,0.13356275501922965,0.19248278346945663,0.19034028108068396,0.11960079350192257,0.1229273618402359,0.10991997992806077,0.11835234842012521,0.14128050280340432,0.13708307868622574,0.13305336880468452,0.13135235109140983,0.1154261705801729,0.1387186432972824,0.130042049938983,0.20573017391167558,0.3569218039788632,0.42052911435070045,0.233675832114966,0.14195177067600823,0.1606785227246943,0.12518632516387332,0.13389538199096002,0.1251863021036666,0.09269958141250856,0.12200915640652309,0.1769429288781017,0.16697286354936552,0.13621424236615087,0.14826301974570744,0.14246518009475068,0.14044664149500835,0.12049779883988293,0.13021198185681793,0.16119533577790224,0.1604872625407767,0.13191988201366817,0.1307533140403113,0.13252369871359881,0.16486647039420468,0.14876265280426443,0.1279472767757277,0.10083859801523262,0.11078486374413986,0.12470046745923202,0.15442341977830626,0.16686263917662053,0.16107960486964834,0.1588586759698178,0.15619395337995134,0.13682235442780835,0.11438010705331408,0.12720578111780062,0.1433540178925336,0.1285945281374493,0.14418019345532243,0.1277658837984071,0.11575819895441535,0.13282101472456542,0.1353998356331172,0.13294900038492943,0.15367780949336238,0.14497773499472705,0.14142848940147437,0.13622689236593818,0.15302643695162954,0.1718639934612623
0.18186196502236224,0.19160392039349605,0.1376062416727749,0.1366529396935832,0.11920929380452466,0.1874235351537527,0.23828444679018035,0.16056632820503963,0.15463610403861244,0.14520221113533804,0.15650654464101127,0.1468723221540045,0.14893918673157308,0.19320498759848379,0.24394763256361374,0.18638607702075294,0.12287658992345649,0.12224652058552565,0.1222982525126563,0.12271457174369246,0.13751024502533835,0.13172035853129122,0.12693053533119342,0.12777383888520089,0.11169075926753691,0.11831830893771669,0.13841425938739665,0.13008410860224257,0.12593134023460995,0.1214440938774399,0.15249145491661803,0.15119537347356712,0.19244348530904698,0.1638680284517784,0.1439785669570276,0.16571027671436242,0.17871230756447012,0.15364956380361056,0.13858522162023418,0.13755386866923835,0.12423703636444872,0.1294050880007055,0.15191381301311763,0.14754614721674564,0.12758438835562913,0.1424317891594241,0.1617142532401291,0.11350358643420086,0.16014636821032965,0.1446761454742404,0.17115165580503908,0.1560988342175585,0.14398139943569305,0.11843887499052942,0.1216582994538429,0.13892213339812215,0.13376195551350994,0.1475447885596879,0.15476741423025991,0.13601590879685593,0.20454375612272785,0.2204516060627762,0.14319428469863643,0.12476022547336243,0.12194479897330238,0.13593062807589135,0.15482537279091463,0.1276453828721354,0.11283902174617577,0.13317848200072185,0.11409616254957723,0.1184027486669465,0.11598065587408268,0.1995073152399685,0.327096704098874,0.3875771594001385,0.24714857603547183,0.15668838341610247,0.15514688452715594,0.12410860862264106,0.11552221048840372,0.1351577941461939,0.10917689581211262,0.1348822289445777,0.1837962050328401,0.15744741892969993,0.12465493821666497,0.14399548563671646,0.1395544385187209,0.1374250204500114,0.13428639499079553,0.15046448740728707,0.16641260518514273,0.15028996995710103,0.14114411040477468,0.1386893688400412,0.15708830564587067,0.16658317843205528,0.15160786456853448,0.15113574412893233,0.12042428934348297,0.12513443611653224,0.16238290943609804,0.2218345332320873,0.23421016953478174,0.1949993014490626,0.17743548371290074,0.1555223138834516,0.14720025087874217,0.13724949140461606,0.14567874093698396,0.20352598969522256,0.16765896621687593,0.14482538071970258,0.12846649143313865,0.12013493012439691,0.12626209956101891,0.14853554466498853,0.12825432366593992,0.12404820903573993,0.13480203819516967,0.12157594858970194,0.12359528074365073,0.12465622414393383,0.10829997293641015
0.16789420036586866,0.2214722110584741,0.15479243355514305,0.17150120677256808,0.16737216846665937,0.23703042469039698,0.19642758138141947,0.1658508534484045,0.1713839633989019,0.14300855384544953,0.14958320900891375,0.1572247990518985,0.13986394507361666,0.10618719472180363,0.14586445229797068,0.15023864070705364,0.11900559724754482,0.12239516897532979,0.13569303349050355,0.1455379100718885,0.15710311026004622,0.1311515348966535,0.10719271843282596,0.10961365883174609,0.12170281079553695,0.13929670008912495,0.14655536000315889,0.12378264388504495,0.12736602718370646,0.1134976834278291,0.14554093137244795,0.17479781936126138,0.25495845698657915,0.18142434716027028,0.14301759283425036,0.12685768935203984,0.12483505887787577,0.13907505162523304,0.14727427989942982,0.13718842857736224,0.11453794658918856,0.12941226362375446,0.11464464412624253,0.15130630016157312,0.1547385138515286,0.13906671154061054,0.160509094667651,0.14218981058083124,0.15415493733433488,0.16897008039600547,0.20005554219830968,0.19684045738437142,0.2344995152661577,0.1524300219902754,0.1502431312887082,0.16282300249007348,0.14666699659251042,0.16042883145775505,0.18421306482945082,0.1721693794369784,0.1967633395288833,0.20003649909973048,0.15383858123358046,0.12606231063514464,0.14352406367388415,0.15558813926831044,0.16073792092522451,0.15307570169570717,0.1285644547294308,0.11860199187215979,0.10783950111201426,0.10723320168209777,0.11243885846149124,0.16406143739853407,0.22781683109423456,0.2493422178320827,0.22688764417485527,0.14318124009198874,0.1624449309192735,0.1383773494653553,0.12207236848730665,0.13055559655897686,0.13449082307476898,0.12822938385571087,0.15413447305533684,0.13508781620642166,0.11564244830179472,0.13603798016603297,0.1113174355908365,0.15247682818304747,0.13525515703658508,0.16846972449617537,0.16162713896565928,0.13875339874879547,0.11632577694895099,0.12821669483979486,0.15700379545594628,0.16905292965334656,0.16689558239132218,0.17220877641499838,0.1545834213538467,0.16011807936801786,0.19305674950474497,0.20673000460647806,0.21459466156433019,0.1870661106059524,0.18272517213997386,0.16765472330752695,0.1470816285498206,0.1374571049625872,0.14866668264978436,0.23488469172793236,0.19336202458660323,0.16984076755200533,0.16484469296071172,0.14369578300748886,0.14721733148133853,0.20432212923798843,0.14435990532469029,0.14835121281073518,0.1823461540712601,0.13173412170883764,0.14743040617198763,0.16283667405744737,0.12537538179703622
0.19254098283258692,0.1962644332426339,0.1574194167244624,0.16354040988213062,0.1926230042546038,0.19855033850435486,0.155237652012298,0.15698398012860224,0.16684813416482377,0.15399399657157267,0.17079519547072586,0.15785795162996638,0.14202962066555744,0.11647291243268308,0.1487401950538868,0.1437867003655915,0.12054569602311149,0.12346617814644384,0.1474287980735901,0.18388038930402806,0.17108967470349368,0.12473191022336222,0.10548851802500028,0.11086022430819127,0.13276732606595873,0.14478421960966126,0.16040535199083517,0.13223568399519836,0.12765668431728783,0.12308278864146091,0.17061583662942903,0.1923136177033025,0.23488933875264756,0.18666235624965172,0.1680000294300199,0.1354891556584941,0.12386581171978482,0.12935017937013257,0.13289628416620586,0.12268388571899043,0.11088666021434541,0.11838751596774433,0.14152472353740855,0.18496258396461535,0.22570091630130423,0.15181086748475764,0.1543661434301804,0.14111242021024212,0.14803540508811197,0.18052511520999154,0.23533524452562454,0.2529446797811329,0.23225999236386324,0.1653978345405037,0.1851420457943526,0.18567319642091934,0.166980632753927,0.2582322736586097,0.31598857476666253,0.27282008309047284,0.2687996788510053,0.2801749246770347,0.24703791736564812,0.2041546061380881,0.20098237681334227,0.17627000539322485,0.18750418732569804,0.1826991782210166,0.1392961433074937,0.12715422299629384,0.11894691755647763,0.11948546208290778,0.14399868036625962,0.15749806481729076,0.16038785685746806,0.19408532295548198,0.19743646966291173,0.15179294643555305,0.15340437793348638,0.1867440045166433,0.14428331214401463,0.14354551044196623,0.1738337149147527,0.15284740901545277,0.1902757224212555,0.15756034234607366,0.10882269973944605,0.13000390575239376,0.09776584435554835,0.14956856828422394,0.1482365383231038,0.18260293410351003,0.16640747936665146,0.1316619769907797,0.13026790727744084,0.12807631794495095,0.13484383441083272,0.13912749931228946,0.16959356264507144,0.16593048946919686,0.1287662699304869,0.13532842717459542,0.15186906509780718,0.14034823438357558,0.1898629983342328,0.27098768453812383,0.25234079458984293,0.18862140705058134,0.1627738623878285,0.13734834095838394,0.1418666230436095,0.1970116348852754,0.19090813642399543,0.3327581127264364,0.2998512921779781,0.217058129887789,0.18426737389805567,0.2711920288768952,0.1655089225628699,0.1569175436897588,0.21069180426328052,0.15789448370417963,0.21331094461199304,0.19946619628892032,0.12928188866820065
0.1792892384707422,0.18042502950228195,0.14938161034745293,0.12983286897721147,0.14941846295568306,0.14552280403281806,0.14620177151242036,0.14257733602341882,0.12275007338727816,0.14165107166254187,0.15950073553343694,0.13887792625757955,0.12680194974974518,0.12898831050622145,0.13053456424247467,0.13819267683805697,0.12933021628361502,0.12074115360033277,0.15850204669824297,0.19663132284319096,0.17040800933967426,0.13224164243197817,0.1171315365168012,0.13140758228210808,0.14891288793978552,0.14770374444390122,0.15763316807683067,0.1384362936158512,0.1233939242464136,0.12305762740964754,0.17877348543777621,0.17225273616269865,0.15425581297376642,0.1526036073330279,0.1865480027056182,0.14750862622830563,0.14275309731064922,0.16660565778658706,0.1253295861931748,0.14089111748559835,0.13806154666866138,0.12093588804850305,0.1456977888408152,0.1531678562973406,0.24545604275652708,0.14829834722723811,0.12296939447734073,0.11263951842659534,0.13083312921704837,0.1422787598514921,0.20120508060846973,0.2393176882152134,0.196154388383102,0.1724465351248895,0.224634131923681,0.19995338869158324,0.1914722777686017,0.2899299461049336,0.29590453440928577,0.24204143567375505,0.24032084766032819,0.2585015722129499,0.24081311581411252,0.21354247438713328,0.1960579159891935,0.1640029877941727,0.17849087956093013,0.1580856978974986,0.12139813107409891,0.125842162550616,0.1271196000533881,0.12561887198384272,0.1406257500843344,0.17259556074950694,0.15576020607269508,0.18216283743454184,0.1521264287782248,0.13353156642177866,0.1342984065077575,0.17622629958721847,0.12884712052297925,0.1390248684983841,0.16518231652336293,0.1590432734307427,0.1774277707687935,0.15657215538085084,0.0973147022428639,0.12235981837299392,0.10694005520932601,0.12445424684351583,0.1473115295872214,0.1833241277630912,0.20520792963195086,0.14591862016692114,0.14667251292948524,0.12226076188296063,0.12207290898874609,0.14948464931776878,0.18622469353275684,0.16754629300833046,0.12442834506828065,0.12758139052023826,0.13631220424634685,0.1440554510205979,0.18854435892291854,0.2525277359922491,0.21892167583239408,0.16358176059366158,0.15361664499651528,0.13043860922401826,0.1271259387731514,0.15945193430597998,0.18972788291092535,0.3376357367754114,0.3063740916130918,0.21296409373931346,0.16637841770819672,0.24520522877295148,0.14478741433044232,0.14570353514195641,0.16373027404950424,0.14001456778461058,0.2005594307683189,0.14140799637015475,0.11057643840007486
0.1769211249116238,0.22266729537950905,0.16811719355742344,0.14543159134252348,0.15248728474909692,0.15970805083647227,0.17582731658394996,0.22982126985214482,0.15510210149705828,0.14102900106552638,0.14120519145153057,0.11629716689311967,0.1303630543836461,0.12685251441623835,0.1212456862741749,0.13989538642634194,0.12865205905929472,0.1231719343002521,0.18681301354797492,0.2385236585678958,0.20403221919128167,0.15178981784502782,0.13798732713050582,0.15865268372407743,0.17253523217565891,0.1975500545694129,0.21154239770055777,0.1463274085333902,0.10903231819950729,0.13468696869280009,0.16070971764272046,0.16103483521868017,0.16994929709128379,0.17111261391608829,0.19621134562003406,0.1668282794517118,0.1590984019067763,0.18061804796247,0.1395921837872962,0.14857707792722086,0.18809367630808382,0.12194251638833653,0.13101475821969752,0.11090428955242791,0.21332567929337942,0.18102986756324757,0.13364233118868157,0.13926842269588519,0.1612004470395632,0.17033529256942648,0.21967326426870484,0.2805777835209495,0.25369588458845077,0.17498104989834307,0.2191496638826308,0.18033121152137607,0.20143229415440916,0.248757665640219,0.19368013724042532,0.14827213980903198,0.13726102540464288,0.13445581819095248,0.14349018463198654,0.16490625332333186,0.15321162037166378,0.13335681909862715,0.14750006222861117,0.1409330507623625,0.12497230105949549,0.16467510812271133,0.15799831538611156,0.13081303170820652,0.13186115643052174,0.18522323250355016,0.16471394470208645,0.16879968423254926,0.13022476512892966,0.12100185782431042,0.16956743573980654,0.14178384612436126,0.117991046315607,0.16307511783403011,0.1477589735840812,0.14375280404833296,0.16522483870626015,0.16657631690031272,0.10418831459008017,0.11949220439182075,0.12094913937478886,0.1304618372018806,0.1477083347500503,0.19317772818125156,0.20038136918339294,0.16055874258207553,0.15618894306431058,0.11469328942148208,0.12585539829673945,0.17340648042471773,0.20182847870438364,0.19153244843630662,0.15414292610500646,0.14651919140687764,0.13850968309416384,0.12662171698963565,0.1506588564390955,0.17525641923427793,0.15374231667968916,0.12459065449139786,0.11257296861700668,0.11705320225888337,0.12406656921965323,0.1156708321009235,0.13566604839974453,0.17613279185644298,0.20334767358067615,0.18546096394311218,0.1484272594755211,0.17923280935037994,0.14588549495006575,0.1517970237611127,0.14938716825218867,0.11863486306164905,0.13834149522696768,0.11752178421838694,0.12574224825019864
0.15929701872124719,0.2163113148091828,0.1619717111005829,0.15264028032632088,0.16168227496987841,0.17724384297303217,0.17738901340750363,0.22240033799069675,0.16794741213112147,0.1410274764655921,0.13394650757083879,0.11726767099837232,0.12531136845353777,0.12392717449571508,0.11352388241672517,0.13189637414759553,0.1298725009360662,0.11360681086026445,0.17916037675651542,0.23957465947600354,0.21807723066117196,0.17399542703350573,0.14939738591377405,0.17908708525068212,0.18283343311122324,0.18978432043584142,0.20977091389978542,0.16468310800079378,0.10964407130928185,0.11715579645070434,0.15384243143900297,0.15744704079976712,0.1689518734709175,0.17163531247506195,0.2139954029100828,0.14863572105416056,0.16172861963713334,0.2417777486609415,0.1485082531809228,0.12861604461752132,0.17121904116582237,0.1111310197346311,0.12262460259322394,0.1026255092681888,0.1598763263519443,0.18834418146807638,0.12819166077068514,0.1376698400523058,0.14610479433380266,0.17427364846817223,0.21434881812737575,0.25265256023214366,0.24293937112973435,0.1862487045393248,0.2070790716942021,0.17862147067581585,0.19473365550130067,0.2652369574002766,0.20838601320901717,0.14020897425620765,0.1362244995116484,0.14606419748129415,0.15632603408235765,0.19047663582999974,0.18255300315648074,0.1565722216194131,0.16245109507463268,0.1640158251043274,0.14095758160397664,0.16885635432778529,0.16839607293264455,0.14216582605643677,0.1356330367324995,0.18104540139758907,0.1485038770688987,0.17358592701319964,0.1317302233112639,0.13880988459182342,0.14862859395825784,0.12468702827159163,0.10793485821180702,0.20654441762658307,0.15016745115555324,0.12786275072099557,0.19102590607234332,0.15245778562233403,0.11565620730055728,0.11595713898775654,0.12945909643909576,0.1607842648180372,0.19041451011487354,0.20230688270815622,0.1537667547334733,0.14066165168863792,0.14632136964345932,0.1230605156745747,0.11717020479231177,0.1354096737277281,0.15219076979000637,0.19393714488579933,0.19680001504270078,0.14714000072022992,0.12712623781752752,0.12237827887081508,0.15853432167227866,0.19461977443700723,0.18548651800336902,0.1364978420435143,0.10489676972896853,0.11369431549848816,0.12511339919061878,0.13122435554520684,0.1565300851736663,0.17962243334959901,0.18995774267021961,0.17579277971266236,0.14943090795320318,0.15767716983390445,0.14884808387876247,0.13583931619924225,0.1664109030712546,0.14273544845924802,0.17051950864754423,0.12148555551185769,0.13647036607095256
0.1082153910971774,0.17791060545886775,0.12414652145405583,0.1407289488410064,0.13491082653657946,0.15164869008026333,0.16041533594135354,0.1564190838158393,0.14812210273482637,0.1667084448743882,0.14234260632445775,0.12593133662390443,0.1234614850234009,0.1285728835680566,0.11039717186750761,0.11742574224328295,0.1319032820924662,0.12406635063762333,0.16720789642927833,0.2379870680161148,0.23035356013610359,0.194836598208612,0.17029436439046677,0.23555863681655578,0.25579682694479444,0.19830613652810813,0.19155016694752952,0.17994410208234207,0.12048153878917224,0.13736461927819568,0.17603325912308213,0.1339748957994744,0.14652624726563693,0.1531989953497409,0.1958243771624681,0.13729630854325314,0.16492663894076054,0.2024176884280443,0.134367506516182,0.13002165985025796,0.13321037855798512,0.10289190055574707,0.10597515988068945,0.09246599846618794,0.12995252086029113,0.14691128222656927,0.12318539948037022,0.15992516992883646,0.15758864577526965,0.16700910954427622,0.1838345906045049,0.177095723391859,0.16907204680360755,0.14745014767663361,0.159118208180363,0.16611191428015223,0.17834987303592315,0.21972297577522087,0.1779147719874195,0.14061466909049752,0.12873123783942264,0.14060958622334122,0.1499490513289997,0.16696323885646563,0.15379098665095553,0.14812053315747753,0.1494814072133167,0.17416610049261652,0.1564484362801776,0.14363807992543157,0.1528985308857601,0.1592538083745244,0.12335550210255211,0.15540411691424152,0.13132732204852451,0.14276127992324944,0.12620315476756994,0.1112576344296025,0.12134763237818065,0.13056600124575016,0.15903963218905098,0.20684374836231073,0.13818371604923488,0.12470800086723219,0.14355537642186966,0.1272102567979872,0.13041826365260384,0.13538141586570657,0.1172044794273181,0.1539760751528299,0.1995905047450618,0.16538849837203656,0.1268767879354905,0.10974959024499051,0.13187722193376306,0.12266753641990369,0.12819122006656522,0.1337301429775054,0.13338903336832444,0.1596537912934885,0.19084189031486276,0.15517528163843544,0.13584225478481718,0.1845649973134344,0.2667542174643074,0.28511576691813184,0.21133360391778505,0.1406866646404889,0.13279019085223778,0.13200286393560218,0.1340034821530409,0.2270917804217171,0.2897164784168206,0.25019861604005744,0.18517446294648154,0.1463785952405553,0.1724495822879676,0.1835319226943516,0.1509181568218904,0.12503444342969264,0.1484138071350356,0.1392385711525792,0.1616199768002089,0.11409425769913839,0.15554122657678843
0.1245284202127705,0.17847181621894898,0.1349609083012735,0.141905337005485,0.13720089225779403,0.13260028209764435,0.1400969628063544,0.1361042712016243,0.19138679321090205,0.2113346413991432,0.15156893646340328,0.13895070365662684,0.13534181585407626,0.1524526422801407,0.13103995805792867,0.11169464969448986,0.1218641626836457,0.14298072087893599,0.16474548811836737,0.2092899735785174,0.20433598720933638,0.18493989910000455,0.17296598599375504,0.2334738524517555,0.2340797730186822,0.1695406470658459,0.18281282360112583,0.1731088455388165,0.14285698991218998,0.13980950751731175,0.15370578931293022,0.11984300651830224,0.14108459489022387,0.14221441965535048,0.15065776322090124,0.12244192716861578,0.16166092146875571,0.19843941111540994,0.12384585377957713,0.12274968279570979,0.11854892108989076,0.1120182326721404,0.1313340854535632,0.10469546937449643,0.12020520956545445,0.12448948427738533,0.10806896650779482,0.14040082721304215,0.1592927741462338,0.15994999528815737,0.19209671308413684,0.15492580691939162,0.16608137463875794,0.14899501203474957,0.17644234638778655,0.19031381560946975,0.17690662524588957,0.21161604786365434,0.1879703822630325,0.15728057070893015,0.1296685961504622,0.13213577005809768,0.14304788144598368,0.1523979208600011,0.14274124573867056,0.1352735645631593,0.14614948953365584,0.1539830170622425,0.15003579769146919,0.1349533734947013,0.15366936706557668,0.14517134138265247,0.11629542527502373,0.14827518684359453,0.11386913549627214,0.12065522384228738,0.12339244472004601,0.10589226306136072,0.10968396652197585,0.11249369949752788,0.1578396334306992,0.14833365227605522,0.1314302241879066,0.11790949754230727,0.12028464274888134,0.1285111168518866,0.14938698037374284,0.13501733203954325,0.10191750157882007,0.13249487157329098,0.21633541854692306,0.1704680007933188,0.19225834208044618,0.1287107442197578,0.15819834615459588,0.13416843097807282,0.13384168887326908,0.1331551274733005,0.12818229896780264,0.13488270756750012,0.151554547879082,0.14580419783166826,0.14705247967195642,0.19753896274804994,0.273938597439446,0.2640508578967203,0.1892124542471471,0.14359655578998368,0.14364842405435368,0.1308107036319948,0.17135165443509176,0.26346586689076545,0.36576492923594345,0.43021888148907184,0.23403673866126512,0.1406874682709907,0.17623518738494778,0.16360452308958096,0.14724108974074473,0.11732931218083797,0.11205683895814253,0.11276946141825643,0.12648475157681882,0.12452255380504051,0.14608849491971274
0.18906572453542375,0.2317630780627282,0.14414268045623987,0.1341362484229497,0.14849359315671226,0.13784029630180242,0.13302468531238018,0.14808305081770667,0.21991233620275452,0.22909890711355296,0.18023733712117235,0.1799244737463501,0.15990468370322627,0.1542260560068841,0.13225958959298084,0.09990735528774386,0.11577794270266323,0.12519877310203673,0.1423928253822103,0.17854292875592312,0.18277459239893612,0.17689612265360122,0.17060673691328035,0.19645071926932584,0.17168006070921454,0.1300810105752378,0.12511217843065564,0.13725061019505372,0.13613510968204118,0.11301917242988002,0.13827361109093084,0.15170520425039846,0.14740417675150772,0.1488847447311386,0.11624989657455181,0.10523392233652776,0.14574266262746666,0.22980594030201157,0.1570297220599026,0.14680645405967055,0.19775093481331896,0.16129742179653667,0.13743216680110465,0.139065520861834,0.1224344148653159,0.13186376974146813,0.13632818407760539,0.154594395549319,0.16042503016892296,0.180180314804671,0.23523487026845175,0.18766943515728618,0.2072751236692399,0.1966546760571062,0.2729981785678375,0.2601765772591236,0.23190600962829622,0.2986623422979402,0.28468279893494663,0.19168364443646171,0.15298893656699233,0.13847742573816363,0.13620194727584595,0.12850469984280585,0.12657750751014732,0.13056270096276748,0.13986799629144886,0.14790165362583205,0.15107444572790824,0.13305904848900646,0.15097751770859247,0.12380567916422588,0.13230575476446027,0.1425782145333535,0.1216583441812418,0.150726698749936,0.1503777408054838,0.11634601412203052,0.11028285974383838,0.11214460223631938,0.11406129065567719,0.1306703836645061,0.1296632159680797,0.08936946960338257,0.12184026587134456,0.13740806627756702,0.15000910503472684,0.10884794275415607,0.1227017066556855,0.19655257305143725,0.28107043434805185,0.2095360719055941,0.24401949987900973,0.20639222161599485,0.20808776555428657,0.1313202090106044,0.12177755334662266,0.11253475068740103,0.11390990689794131,0.1278707902811549,0.12699444212827735,0.11546144310096992,0.11564474967197368,0.1464810273620866,0.18632703506775078,0.186771404321542,0.1502984744563865,0.11730450481222307,0.12296417114121963,0.11393597162800484,0.14478632644363018,0.19595686444572424,0.2585440779767032,0.30509334971717766,0.18957613289475686,0.12209515890307616,0.13127930947486585,0.12930104481120552,0.12998462368948832,0.13992945683173344,0.13131332139117036,0.11390947465255008,0.13131678631388782,0.13092007126092084,0.10781514161191173
0.16032867216873087,0.2160424232027333,0.131188586332933,0.15883514654084646,0.25321824469320264,0.16758493106386108,0.15841381757181838,0.2009196975503758,0.1932269563019456,0.16449073733267494,0.213457041463602,0.2552457514364572,0.24134330296944428,0.16509636491465549,0.16602356473038982,0.12606680340687587,0.1262788811427683,0.11664220114568771,0.1158175365121727,0.13174912827827934,0.15499219014781318,0.19962789450134577,0.19100457973738627,0.17037004441437692,0.14822340208310086,0.12512952801910468,0.1155853566423507,0.1333728083116082,0.12925770339967255,0.14008445020514615,0.16794676960032304,0.18188239489900226,0.18384492743149716,0.16396339653796985,0.10380657710252889,0.10417811252023404,0.11456449105734257,0.15642042934479375,0.1514263684149586,0.15608933916560647,0.1851641774748729,0.15057219618824366,0.13517312102312257,0.16340455251329278,0.12579286262172656,0.14878461355028474,0.16792979897419164,0.14489652771935901,0.1478751954205033,0.150202725685411,0.1792036128501462,0.15967627086855957,0.15055586849987898,0.16813950546250345,0.22505646351084027,0.20824102442767348,0.19647451379068986,0.23573529069341398,0.2407100164383512,0.1752164767333288,0.14871763267224064,0.11668522230506345,0.11340528117346405,0.12102050515686302,0.12752105545210335,0.1179029295863678,0.10761353053854433,0.12014708063514459,0.17509013166071072,0.16946790168635717,0.18586776678838238,0.14910552718901168,0.1663572469287013,0.1934473745959025,0.16176573655035106,0.20792097907858142,0.2026155036498719,0.12793990739890804,0.13221001746289582,0.12413605344883694,0.11246102072135289,0.15033554013421957,0.1570064964132487,0.10394156629703938,0.13452441286264133,0.13363610122723535,0.1378560196844114,0.10236274581263365,0.13455344584805207,0.227998939032297,0.30537300792804417,0.23482389449518135,0.2743375307938323,0.2978599349505654,0.4067329913809419,0.1791630535538885,0.1238141812328018,0.10683432152089792,0.10879508379744557,0.12326847429727142,0.11021606042382368,0.11339021950010705,0.12057092488331153,0.13827079286797986,0.15652624227023154,0.1497888091770227,0.13043947991253327,0.10319322645997281,0.1088566783827358,0.10069752548025736,0.10782015103237506,0.12951021747727823,0.14096853280421462,0.16428390631150502,0.1423833391634187,0.1272138560166209,0.1319023097841445,0.10623496723145678,0.14360109200146082,0.14318752524398964,0.15347691200680535,0.13431717485913855,0.16390983748953553,0.1685361027581338,0.1502200907868126
0.19928255685245438,0.16354353256789783,0.1216839859436318,0.1417863255360964,0.20744907023526532,0.14851801306051363,0.147883230449172,0.1539481598560412,0.13400822709561305,0.1316788685188825,0.17197552394103388,0.19944579314651922,0.21784683245922773,0.15541954347651682,0.14563083471762334,0.12931614053854423,0.12773323842680817,0.11637609949592592,0.10225907546610125,0.10589328472788537,0.1354583728240299,0.18535562791736532,0.15646169450679479,0.13628031603477117,0.13700607248772062,0.12288919533650036,0.13116361915131478,0.16239329775272016,0.14451642854954994,0.12668687573316373,0.1594333870532126,0.1396570463464426,0.14696819332862393,0.14724245225654606,0.1265039979824232,0.10321503337770378,0.1264675188758481,0.11987781561040278,0.147600700991737,0.16666443066510517,0.1633923726722282,0.13377544295685928,0.16808460606713682,0.13472115325765546,0.1213910419935694,0.1778576370438541,0.15610467066684347,0.12885030738358233,0.1292566180184447,0.12040165395307548,0.11673208204891106,0.13276933426906407,0.11790497339620802,0.1914384522526335,0.2632850854921014,0.18900752705174154,0.17916771408935225,0.2020926145407348,0.20387109437740653,0.18078105213171053,0.20080910897894053,0.1828003166184567,0.15907879167965594,0.1407110453978705,0.13325446978219868,0.14392654807265248,0.1376584215388612,0.12803712083478283,0.15398522134957632,0.15397875035339392,0.15781043349635876,0.14674512772421694,0.15402849543568625,0.17028862032944864,0.20248237843469097,0.18791509806836298,0.1872615101047072,0.13568138686677603,0.13936514066248737,0.19224326280561083,0.12697946738389593,0.12931638584722022,0.13993091647979122,0.09602142374827907,0.11354853259903143,0.13133990765388937,0.153713564519369,0.11325374254216541,0.11538250861409644,0.18221012584844115,0.22053039858867463,0.19389437894033934,0.21122692725242012,0.2821621612720745,0.34247105156606295,0.14437453251204213,0.13605160159101795,0.12116435039079032,0.11482642769108968,0.11962630069005896,0.11141338907188418,0.11386739925668876,0.14464217337394153,0.20784325062436243,0.2542139719457107,0.21676039489162996,0.14533636690912805,0.11136088530065477,0.12451205101308613,0.13299930457166018,0.1307784262154129,0.13482722878655973,0.14811776045715422,0.22135718833039847,0.16922136889888323,0.13962972191809234,0.1446994535953182,0.10986275930308646,0.14496603943844388,0.15839103524718817,0.18238236865636454,0.19525585922631866,0.16258813832545405,0.1757247303999634,0.12170261817412652
0.21951837804874536,0.14769037522458917,0.13172554064400036,0.13332387468236342,0.13646147784887505,0.10852867736957644,0.11732572105617281,0.10719530927266147,0.10431089804790283,0.12681710321304918,0.14313689376246916,0.12769859503545006,0.15131836820452274,0.16109446982802136,0.15351367115838466,0.14071210346129223,0.15470159753846896,0.1668539115738036,0.1704863606326666,0.14829877350188858,0.1401655845941479,0.1853748439427892,0.13902104806236484,0.10122655109177928,0.10901571825850037,0.1098933108273559,0.11485652184990337,0.161389872496432,0.16614229826975943,0.14346078700953532,0.1414223537443359,0.12331410228147692,0.1541874359153545,0.15361685654048868,0.1256204252776942,0.10493631557207705,0.12144993146537876,0.15732749826086678,0.14126377070098264,0.17024524410044786,0.16716032465502556,0.15197099765123787,0.1885761318556906,0.1339516240001158,0.13403750062781067,0.17860585790312658,0.1350523622801451,0.13213602383173834,0.14300823955906738,0.12424700605564393,0.11793519841557554,0.10737839627674395,0.11033508496643338,0.18264832611000822,0.24259860757359145,0.2270293226102878,0.2713967504638755,0.22513328558646117,0.21894844488545132,0.18549730476734913,0.19310294442240145,0.19080547013773125,0.17287653085252014,0.1491152193526238,0.1426351370588724,0.15281970016282304,0.16893257747534035,0.1852280145976279,0.15639974968722867,0.14882960295497866,0.14953027042833333,0.13177018372772667,0.15990877822772748,0.17795824279271402,0.2390660923810805,0.2128851863122333,0.18768578566444527,0.1357344685672957,0.13624822128390934,0.20646660400243352,0.13008831004409668,0.11904296431515224,0.15689579698030456,0.11289696546907903,0.13351575332420834,0.13639994737903488,0.12394206498898792,0.09356909043158303,0.097558864360839,0.14076831822051553,0.15351809974404945,0.1458206842315815,0.14739717536408933,0.16489827243861635,0.19861301339312978,0.1302418792264081,0.1334482749249587,0.1284275137062054,0.11042936108931584,0.11318014580424143,0.11676570040254591,0.11548071069287615,0.14025256431022837,0.20624635746794165,0.21909257608447086,0.16853879837732738,0.12951951082389312,0.12859733471016097,0.1299525904482261,0.13985362204916382,0.14640019979821706,0.13819783135811603,0.24797483223493944,0.34372154302584645,0.20464779891594143,0.1385762091489006,0.17291648553591568,0.14469586594692457,0.18091763231586727,0.1927340635947164,0.1912937333535324,0.16859721941557984,0.13358005182999183,0.16921207119437404,0.11804651653597914
0.15814370944465814,0.1695378213745862,0.1418520187650548,0.18235011584871516,0.21563547104008002,0.14297490543702984,0.1275701342602789,0.1133421472480548,0.0986024230068146,0.11090718964595433,0.12145663323651731,0.12734814874310457,0.1433045706209085,0.1525978329650008,0.1672292277754328,0.17729969040092083,0.18274135292136923,0.20135571872328697,0.2186078061212804,0.1949165173528057,0.16681983168254047,0.17192256506120207,0.14417437164575403,0.11983117072898133,0.1159198965927285,0.11764892601346721,0.10531775582637899,0.1405841566440524,0.1635591799166425,0.147398037945572,0.11984617605651492,0.12771004540644834,0.21766336010693388,0.18464853250664692,0.18585171006077764,0.12920293652213732,0.12083486111175781,0.14735927975015084,0.13925892661577982,0.14767494967629202,0.19790584220631435,0.16830834874437423,0.16164119488825518,0.14484104255359292,0.18143717944815585,0.17641814695796387,0.1242828725344783,0.16147318382365178,0.19243544791175413,0.1345873564254422,0.12430553081312734,0.12527027596217322,0.15561020184488977,0.1779336686083865,0.25734455984382426,0.26701294563208466,0.27863101684133484,0.2729449315152115,0.3088621641788387,0.24736224457178108,0.23961366168354142,0.224282426816014,0.18825680011761664,0.16520256055391613,0.15107408945627365,0.13671440085333503,0.13549282324503828,0.15394043707832117,0.13463685564605038,0.13690345436151863,0.12902652446690052,0.11690242842101072,0.13635984747256585,0.176091311982083,0.18925994131505197,0.1807963979405416,0.1551486453223775,0.12376377984002251,0.14132995617850086,0.15414211479850384,0.12770393499799101,0.17085082673073712,0.1465629925186258,0.13323601964622772,0.14836273935942904,0.16995566405958412,0.1335669099884687,0.12141933139030392,0.1359145651894711,0.14601574284895602,0.14494364898284365,0.13401278824976198,0.15443533603944293,0.1190094904201664,0.13688265390683355,0.13511756748172327,0.15068704194450394,0.13468724582852845,0.10721611624091876,0.10541972857495292,0.11966485062707649,0.11769722416760975,0.15530048280545938,0.20365818028817617,0.20920880399192868,0.18074442952999933,0.14945378156236483,0.15459744537373593,0.20025295628449014,0.19155281363406645,0.16118650569972556,0.14516649836576134,0.22833633097246483,0.36649083685392353,0.22986035997489215,0.15598123634088762,0.1934155493566047,0.1516025307274222,0.18448802081032384,0.2165647082394868,0.1864310330117767,0.16005492145727174,0.15267101263279168,0.16446915124287095,0.16854040961522593
0.1293511220581222,0.15387067484404177,0.12853609668615978,0.15204410774285843,0.2004236771445941,0.22533667264560947,0.1535703219040535,0.1291757170337354,0.14819264251634776,0.1194155047518463,0.1321639204791048,0.15582813201204454,0.1469257017326899,0.1392072280703601,0.13170052424190432,0.2047342177231689,0.24887979071982042,0.21868650423182176,0.2760437884279423,0.2644487918318479,0.1821631749949576,0.1811243616800313,0.1508101335633877,0.125125756963605,0.11559464699932964,0.11849386163840514,0.1276096476122491,0.14909842097633164,0.15526757224974727,0.13802020099771772,0.146214721481021,0.15533638675933273,0.18061635002950205,0.16095972443252243,0.18240601678967175,0.151243784133317,0.14185124075537042,0.14516321062724272,0.13329367704076545,0.13213512065827757,0.2312748158379534,0.17507299520062997,0.15535572280858923,0.19453994028975397,0.17993090384282723,0.1641734493721066,0.1095298029876071,0.1574372296541025,0.17032339328839552,0.13330810548936328,0.12375170969369342,0.1454154347109528,0.13158421796706413,0.13986574576884164,0.18033852297219252,0.22722423264713246,0.25021458710334443,0.21622547332413483,0.21453305595798267,0.20302767386110368,0.22297841887375763,0.19897246342648392,0.165314590298204,0.20359218194999856,0.19113463510330986,0.13668541824043737,0.11315031833109289,0.12396173377116365,0.1559554426919293,0.17912510003144214,0.1450710399778079,0.10821456495220161,0.11457927392512066,0.1352570672569765,0.18691642223483548,0.16532262555478822,0.1378268014605587,0.10596598964225158,0.11512765769981372,0.1345422976771126,0.13670353733392407,0.1965095649248355,0.15493545823693927,0.140094751334881,0.18766350854920433,0.15581385874023274,0.1506993784284106,0.16484722761496784,0.16078524750779757,0.14343512232737757,0.1310509328626193,0.1312779377804148,0.14340047187290358,0.11489819221372727,0.12724819098815973,0.10675519749856077,0.1347321295199143,0.12877159455390258,0.12134735293546595,0.1351200146914692,0.14955948332572638,0.14898821325566952,0.1583359424605014,0.18324822432705618,0.22187195390563785,0.20160393856553557,0.17682935318769477,0.1685863718729495,0.19044283532216638,0.18648066369766764,0.17086485019666559,0.15464303758783024,0.22437668811783204,0.2948963200474384,0.1983842073809792,0.16620891740088362,0.17732550297755212,0.1793589305310367,0.3219764662093667,0.34784905128696464,0.23441592629902092,0.20181121171695418,0.18033807103878918,0.1324648572789945,0.17011044595233568
0.1266063500007243,0.14182489153500397,0.14274227688874286,0.11604697997147458,0.14747908834767065,0.16182645412888974,0.13580690334331202,0.14239726821124754,0.15662519012184561,0.15749578643605244,0.15895535639942548,0.15058314505340453,0.12251863445003337,0.11774991804936764,0.12267629214350716,0.1785707703760391,0.20418329412533348,0.17239770726693854,0.22677606724656074,0.2461214282990261,0.19830204775696977,0.23626060570484161,0.2018105540029294,0.12462822318259649,0.12207355300972163,0.11989137180661738,0.1304355995703925,0.1263274662644909,0.12579002335530892,0.11729744959293799,0.14744242462392515,0.14086268059145618,0.15163392744724066,0.1693293920664737,0.18111857695087563,0.1441774919903525,0.12945424305655795,0.15059398281170344,0.12924349259743678,0.11762318197936768,0.16625875619401403,0.13982206713761858,0.11191306586409998,0.13468626574984388,0.12966320232946518,0.13522054001610595,0.1552234007450407,0.1349643444170903,0.14609005885712967,0.10789809746887508,0.10522490541324087,0.12374052535778546,0.14031188047768742,0.12308410406448705,0.13160925547518842,0.16488717156019045,0.18469358490420318,0.17335272929806522,0.18536638977541095,0.18994660005303474,0.1955868756954015,0.1653695804184971,0.13934024452488547,0.1676133195001454,0.1548729904200186,0.1134501868006213,0.13110617234178443,0.16584995662863294,0.1611380056502802,0.17119533131850037,0.16165585421630488,0.12937064422939215,0.12683043990408133,0.16381171986571658,0.2706086146218623,0.27913887070847704,0.22491587724259776,0.14536185096931387,0.12353083821992131,0.12105379369086744,0.15793459858987835,0.1897617367243366,0.17232777655991857,0.1719979986116405,0.23465155734915757,0.14944372089194025,0.17746050237365454,0.14583659363742485,0.1318706782534644,0.14695520094972975,0.15546167128478522,0.1178745704081815,0.12451036916934821,0.10101360173371052,0.12642705371548413,0.13294167344953978,0.12077693717723381,0.117247810039892,0.12087701681288276,0.13550684765315915,0.13326562131045006,0.10014852663699497,0.12929610199993966,0.16563862616572667,0.1792949566927132,0.1685335064287077,0.1456346720417102,0.12169574793190735,0.14186207414386598,0.16090456314139814,0.15792432450454907,0.15035863537350924,0.2231382817108834,0.2292007902943312,0.1528115087355105,0.1326589122555265,0.13968931966432657,0.14970209640990345,0.18979372817322798,0.2360802647510722,0.2094740688593708,0.1765539255559443,0.12347771604088334,0.09822729906013233,0.10725938016724071
0.18753423026845564,0.19206087905439154,0.15112453241500948,0.1115790797091385,0.12741887394290025,0.11974849501702839,0.11373434830410063,0.1258481194196734,0.13420045809591433,0.18420922407368234,0.1776859711945914,0.15313822121286563,0.13312702621544953,0.1325249835864136,0.1416207919589159,0.1233273355994892,0.15331795073266127,0.16049592165064644,0.15693401177033692,0.1741338772639571,0.19068347036214317,0.2406621862761531,0.19702428965890406,0.1530572317565611,0.18730551972702558,0.15851022710187096,0.1271467133794498,0.12927639320879009,0.13289365425703384,0.12224104336709656,0.12278641484769819,0.11279820236170734,0.14213680135205886,0.14862296467923108,0.17174048778585815,0.16292801158902415,0.19690434673971563,0.14694431260520632,0.11362111283464,0.11103474705437888,0.17424154036683462,0.11054138483132223,0.11770672718042442,0.17744692337276302,0.11436861132442128,0.12137370881499693,0.15164295554536186,0.1541041408357176,0.19955534081914772,0.1186957416257529,0.12214827627719413,0.14217564653289683,0.1525713810447945,0.13055494272477086,0.1451368240259972,0.15799266345707985,0.13874108138013125,0.14915523866307764,0.16608483334050236,0.14829381647646686,0.1543547872171615,0.14837300524874814,0.13905992603083778,0.14307090987954213,0.12727607060675977,0.12732449491336653,0.14480538167520127,0.17958457677361506,0.19150959100620446,0.1683854719761375,0.1321082302946588,0.12068470696953423,0.1298290850075075,0.16190826378150047,0.21360639064530373,0.17209936162973946,0.16397114554496076,0.15459701044620489,0.1319251283207439,0.10913447448260578,0.11596650886185789,0.12291167054709459,0.12789055137737226,0.15420302768073707,0.19904567770418055,0.17446882072764267,0.1861672152618293,0.12143443737622436,0.11175276331857198,0.1706283313383931,0.16781711871670552,0.12259213737177188,0.14128705767274136,0.13727814911190372,0.12893156332510655,0.13838752421999365,0.11299122451563155,0.12648190775854257,0.16881904593669006,0.18785732680466552,0.16540363595257557,0.11715979809210397,0.13033713238185465,0.17553314259831423,0.24784918662606126,0.22190191026936965,0.16306393972534558,0.12923338509370763,0.11562081448626595,0.13429976849172698,0.15158948094008032,0.15270882430165994,0.22549167082376897,0.22935046808020051,0.14942053011281498,0.11586236945807184,0.1477392110326341,0.12995660612855406,0.14742425314557359,0.15725243218749962,0.16269333426827357,0.16890603962838655,0.19632402595352086,0.1574287591858471,0.16209524975195677
0.13508920679284764,0.18322913462585966,0.15905765747388728,0.13219880308053208,0.18293512165354775,0.13201147540628555,0.11232794490346511,0.13130536046480737,0.11898911304776941,0.15709437227519873,0.12252849823248388,0.12019597812612567,0.12880946226791135,0.131973234745723,0.11799506337099222,0.12809977430086703,0.1353238202637106,0.1330148737335765,0.1474939953754815,0.18889973481259553,0.233490676216749,0.26080590064877596,0.21482003109697195,0.17264812717385453,0.16644049536857927,0.1353285831653182,0.11352898106629379,0.1710678059990383,0.15980711847521237,0.16298131610402727,0.14611465766310705,0.13902688607108646,0.13482784227278388,0.14108690475524813,0.1583721974244499,0.1400360363424531,0.1710205323795996,0.14349486923890686,0.11710521618469145,0.10614932577137211,0.1376377826888477,0.15295198188768586,0.1913753807837944,0.1707017180254511,0.14628305169668787,0.16339419064932442,0.14777980626379394,0.15002147790308748,0.13962722199236946,0.10394589602363626,0.11364883207241827,0.14006214185454702,0.14569869298292792,0.11750510402893288,0.1302501517783341,0.1647198817194234,0.19592051240051844,0.21693726498896712,0.22778528024345196,0.19124682289679243,0.15547653282874097,0.1341358209751166,0.10962332875808124,0.11971979151377023,0.12990062791821982,0.12541669969061847,0.13797033195872527,0.16088617994406226,0.16290941948789195,0.1675480188910869,0.14247344301789777,0.11183056436277608,0.11363374878292605,0.1654821038863073,0.16956232761598655,0.16350455331529162,0.15793910412281634,0.14475511379112088,0.12407753855216203,0.17201540944327517,0.15176459653785596,0.11209202072895377,0.14718895199053397,0.15812720392876628,0.23628130112468207,0.19721610899176348,0.22786920676251668,0.113377244932202,0.1276170381984955,0.15120926753980132,0.15385152727345633,0.11753238216881651,0.12671778217774174,0.1193094914539494,0.1313588210262526,0.14328768082241755,0.1135390188730165,0.11839950728447962,0.13816709451518885,0.12306860122300872,0.12050340074840114,0.11732944281399582,0.1299032328192281,0.13681953698696458,0.15202850621696234,0.1479445016452578,0.16023417833224762,0.17334400459372667,0.174576126186542,0.15274424674891401,0.1188086517366594,0.13529751530346484,0.14323753646723922,0.15046630934473532,0.1334308824391764,0.12003406524219265,0.14578232922427442,0.1217896041889129,0.1653822359888125,0.18050734889658118,0.15252357782588427,0.16898711053633148,0.23861803040562496,0.21453195175217726,0.2064618591469049
0.21366188332393965,0.3180927355077847,0.19566921489072525,0.13656312240020654,0.17082780478967563,0.13466485761671773,0.13246854641447864,0.1129917421817918,0.1610141128204601,0.15868541664717933,0.12375092077506905,0.15017150501543905,0.12337493983618336,0.12614434199645363,0.118813698212967,0.1512758110861654,0.1903910858610125,0.19765277885864801,0.33173505026603406,0.4958005581110737,0.582342965005539,0.5167710039515028,0.275787706493296,0.1728971645563681,0.15788204188194516,0.1518315070998595,0.16526327939845498,0.2754999727991614,0.21866682321666242,0.19842657867835226,0.17136933807291094,0.17865133688008675,0.2475361598655666,0.2394046431485196,0.18967086026026625,0.20744309487262694,0.20980130862288868,0.19840663945734605,0.11871182624830731,0.09827593199154856,0.12559684369018562,0.11838646140533587,0.12331428436049746,0.1542926220952931,0.11387201897068541,0.15011706171857514,0.21402860857672595,0.1717824871221029,0.14988073446604613,0.13581112525426076,0.11013839129713912,0.12400117641386701,0.11318764059033504,0.1399272261868443,0.1430703723789258,0.1371093306921424,0.1460930094077732,0.16024729610690452,0.18977684610911316,0.17974221341348887,0.15943395587621628,0.12832437615040984,0.11797096458497683,0.13217267717418946,0.12463304520791516,0.1082592321450023,0.13319083625896705,0.15788612301208788,0.14302610981245,0.15767957924702644,0.17492941452307736,0.14225228297172507,0.16711607730649256,0.2212456717509639,0.21385563954020684,0.17833424917333565,0.1528783832919088,0.14671806664321638,0.13555511071543733,0.1384938701716333,0.1317108122074193,0.12429161172996743,0.14470032409825576,0.1531397427334932,0.21066673112404044,0.25370705173211505,0.29088034823219894,0.1473224350368006,0.18867326994446465,0.1667538810774063,0.14156677636122886,0.12884059485558777,0.1577035700184203,0.1469951181568736,0.11966589215679747,0.14436973649118223,0.15454047476548374,0.14810401820938365,0.14271579147251423,0.14137180640078176,0.1276426907514145,0.11092002389877255,0.11463944208058671,0.1155944106186814,0.13489283499623664,0.15119938743597566,0.15920910986729006,0.17386179781514552,0.16621350729592146,0.13371458754144927,0.14372911525905696,0.14426924016001955,0.14820536731204648,0.12364140455324238,0.11653484684462526,0.11326605452160622,0.11349737043864137,0.10347667939046638,0.12873178886981299,0.13774210149654437,0.19478535361375443,0.17726034797875928,0.15743311035592122,0.15238611018562015,0.18005423324025283
0.26723670645188513,0.3328254799229172,0.2484676965288984,0.18434082037344487,0.1349367712208403,0.13129693502547074,0.10497318967638583,0.12180466951018898,0.13758164927329025,0.15669355970678106,0.15499697251558012,0.17280509990760068,0.12965439356264138,0.12824340093516806,0.11690116439214075,0.11696911405145241,0.15363727036274494,0.19406874617481795,0.2474372067585279,0.41411897688442656,0.5475392045631755,0.4498897399717872,0.3076698317839614,0.3308935762182084,0.32715714168729054,0.20026556459298103,0.19311611311488563,0.35091620187633743,0.2890797198191155,0.284811975889556,0.23656050755850602,0.25227562906852286,0.329409697198945,0.34375577032975446,0.2750240509543804,0.2438453793039556,0.2397182423663391,0.29453242447637545,0.14490106492077984,0.10516725323090917,0.13398789048544155,0.12439245946900726,0.11865224560863012,0.1324295792705845,0.1277439507562303,0.14963488979969886,0.20984421547120335,0.21354690143237248,0.23063255394545928,0.15082660362936742,0.1384351056984486,0.1490922213658637,0.15072009085169824,0.17348972730817608,0.21109300757841487,0.16999559934176384,0.18508831878387652,0.2134140802175076,0.19301270775066406,0.14446972197638697,0.1783284467074593,0.14792181367490967,0.12693648499135501,0.16620485202693905,0.14591425965993107,0.12169083424336728,0.14317808573148824,0.1398505956290138,0.1358217500148,0.18664097407822772,0.2034174188024864,0.1567472568682734,0.15935205445438722,0.23167451849338067,0.21789397119908194,0.16430587117094714,0.18479811781506936,0.18445822327008463,0.17533510300359145,0.2188915088443048,0.1479525458306782,0.13557102568718946,0.2053884084652474,0.16199787526268616,0.17665066599970572,0.23132773814296131,0.412296720394237,0.1837552106466423,0.20900554765852483,0.1438035982227283,0.1530181491207726,0.13583011226264743,0.15583762403779647,0.19879533196426835,0.1587264855803989,0.1358798193292779,0.11593600566570378,0.12797149780176523,0.1367890651292641,0.16551708410391286,0.16951766983346098,0.12928611235645476,0.13007611256810775,0.13066276630953022,0.1411423726485547,0.1295516102773591,0.12041648952092299,0.16816347032408943,0.18252871079444835,0.15499396713785743,0.16222459729462402,0.13971701363205985,0.15587893916257076,0.18752289499694838,0.16162835213594356,0.11776077855632076,0.1275960564359987,0.11783262241025803,0.1267491501150982,0.1429181684060459,0.14858612332434767,0.14489962488919403,0.13464547726136478,0.16564752914954048,0.13898345969991316
0.280607938949033,0.22782145174971635,0.2048579661766054,0.16153007485239304,0.15028524067415633,0.15086642172169704,0.10214446029281067,0.1511300639683969,0.1691390095594709,0.13919518598635544,0.17319403009672507,0.22810542343457346,0.18494363586474388,0.13605322197697822,0.14156217518901196,0.1811761661035644,0.19074599643791126,0.1877544375334686,0.1830736686003231,0.1994129058961072,0.2613525770150806,0.26095150824564717,0.1903783050274774,0.1791491771136724,0.16274170900095947,0.1308399845178288,0.14531727273421,0.17007456766251292,0.20504397819813486,0.1960100880003418,0.18703154252351425,0.1889335279441439,0.2718748026177831,0.23037662450616647,0.18102598944946519,0.18086054093311493,0.1788721680329573,0.22144793259006645,0.18655206742816507,0.13935464327886843,0.1334964124379859,0.1099425386709252,0.13483759611855256,0.13598342778791037,0.13838158274645943,0.13168431206636486,0.1403737867586085,0.17938627411812236,0.2661233753323337,0.16308857989416342,0.1399966278909225,0.15218272678658856,0.1542676137662925,0.14824891891123226,0.13604988947852398,0.13373331714500647,0.1582600584560537,0.19685976390885604,0.2073683659205025,0.16264633602973325,0.1826823348349898,0.20548006812754901,0.18175438594969312,0.16388265894431722,0.15018339132469855,0.13169912233668293,0.15326205550285943,0.13917273222854912,0.11090949091765714,0.15216585040511918,0.16718770683605702,0.12595797781082185,0.17814434926896483,0.2095124294110064,0.16884171753579,0.11448260543729769,0.12125355680439942,0.16254810771628397,0.1529684630441413,0.24642522097273975,0.18590940652437746,0.13888137224715308,0.15387792750725368,0.13311473881130745,0.13084529056282843,0.1344639735497373,0.17110201952956575,0.161210058802207,0.13362240152357158,0.15698768664171983,0.15019285517271758,0.12518192562063193,0.17817628370595473,0.1544069010232475,0.13845115346743764,0.1437327586970612,0.12290796988492102,0.13498964461015278,0.1907375778598448,0.21566201920312494,0.18841500294900698,0.15463962841364118,0.14362595600011147,0.1360986798484443,0.1354744508385634,0.13771693425924494,0.14408512926789624,0.16393148527106657,0.18100026580164622,0.17183404214657663,0.157458088767328,0.13092637852189973,0.14548675404717454,0.14506106509344657,0.11386025541818078,0.11305449946258067,0.12249939557991851,0.11802483307406539,0.15246558359138587,0.16106334441888367,0.11669579333706231,0.10839994220925353,0.10277006878172394,0.15408597693945203,0.19017407771402503
0.28335105639833463,0.2914115430456861,0.21640687321189145,0.23075553378594643,0.2612273087616064,0.18093327043591584,0.21213138554587915,0.17813942636691424,0.24368694864145685,0.2535838438512396,0.1516026417706399,0.13424807577005565,0.1395366752069709,0.13768791664135333,0.1237568657406668,0.11153937364628928,0.12667400764817327,0.13520633036213786,0.1469890902389786,0.2308294647274939,0.29922389290997814,0.24973496495735353,0.17114657857423482,0.1991537121210904,0.19823161290080296,0.1539609557203105,0.1760336001973151,0.24546316874479684,0.2284849345140485,0.20215348306164282,0.19125999813934066,0.14031760200934904,0.16469937987892003,0.17692618975406507,0.1509149668880866,0.16731796948803704,0.22416053068735156,0.23983622114774145,0.18547291936686477,0.13353380196801434,0.11027662759966289,0.14345663115844257,0.11066980371869214,0.14179719907334082,0.18664800313449897,0.29525600215580133,0.19790385926218226,0.2478481025401514,0.4356355678332419,0.21932322149500805,0.2135577724375586,0.2315416326388125,0.18825500030996173,0.1502663984666889,0.14696686616923868,0.14571019846269162,0.16973167201830694,0.17135065568990837,0.20722627632017143,0.16051310382343617,0.14628152708895867,0.18790603895862745,0.19051548694562068,0.18232456767868022,0.1667249532265722,0.13470258985560815,0.13355768702412266,0.15300096195959292,0.14097642750285613,0.17945739486204845,0.20974155170126324,0.13970580161352789,0.1913178274082322,0.23155954159441847,0.19312686985020844,0.16248168079151834,0.13623182586426474,0.17164246200981317,0.15129095685636318,0.27788126663152735,0.27667691681891404,0.15036182208369878,0.18792176679841532,0.13676368602707045,0.15946051883914944,0.1471724122623075,0.16934892514300276,0.13211529672290265,0.12511062984705895,0.24075322180271788,0.18352268834566038,0.18841820823856525,0.17619618069736584,0.16976214959928754,0.1938662384943655,0.18920981510465973,0.1626900241790615,0.17964719847939478,0.1912760558787871,0.12597757437640478,0.13969281895319888,0.13508367133511628,0.12169416099711969,0.16216881187206458,0.16892296256359612,0.14237429377075234,0.1364415850513902,0.13524484579165225,0.14937637837873255,0.1619891515566204,0.18167702454535345,0.14878941490205033,0.13977855653882273,0.1433428168523744,0.11609070678220378,0.14983784248953527,0.166416571502995,0.12845387061300917,0.13011445824749193,0.1823684417654405,0.152762767452327,0.13238570939378774,0.09649675560952133,0.2064269556588193,0.16309713755314578
0.2575679204851104,0.3397231997644892,0.21685953674590444,0.3929371875096312,0.3132118288412094,0.2625406936458724,0.48686025736222577,0.2638121904618946,0.19083614206801658,0.2015536060948152,0.1355442385112153,0.13824271784016468,0.16618395052097307,0.16504033395589432,0.13448612733129625,0.1274837426460518,0.1350084431496843,0.13404776262514229,0.2011291011431897,0.38835196611859724,0.36485514168322675,0.27102368831297585,0.2595149663905958,0.21545988571156738,0.1756635484483417,0.13196282310800894,0.16139612488083377,0.20205748282754968,0.1907155047421171,0.15704456079584703,0.14141154391983152,0.11593598096022939,0.1794112675814251,0.19712260936256387,0.15893638202209884,0.1853263931784764,0.17025636525123253,0.28957998672218754,0.22682186648459915,0.14134341528352684,0.09831494694064709,0.12717630174139505,0.15903379304713192,0.13571062770528208,0.18643696074126256,0.3032019642194886,0.19954483873081708,0.22414809344356515,0.2672496043859171,0.13414212450757074,0.15891589524921126,0.2344083495100977,0.16207101304832006,0.17753296598337745,0.1698682978262813,0.13059611703891622,0.13516498570312246,0.1741191901541433,0.25365893245021015,0.27631881783818607,0.31026644196976166,0.36270402541523367,0.3111132663907547,0.24371132373298113,0.1513829534461021,0.12494376212386892,0.15281772233744423,0.13629836386582417,0.11983956343139324,0.10285163950163571,0.15095278646227128,0.14736440975289675,0.16356050828282973,0.19345132240009444,0.17484411102401093,0.13598960208831928,0.10548736314560929,0.13607370599643115,0.12925464839847328,0.15909353882718155,0.1522033200649672,0.16489385540451268,0.15382341805698013,0.15785140769676503,0.17091869739647242,0.17669858744958208,0.16430674634727221,0.20233543736265194,0.13423432348373743,0.2103441336410173,0.18327896463619367,0.16913661262383406,0.18824050930683728,0.1426950985986041,0.1486556226011689,0.165348442123933,0.14588878108445671,0.17707459508299575,0.16034441354943665,0.14794828042754085,0.13110721044841278,0.1088690947244906,0.11926947777678738,0.15027076046779686,0.161478212403399,0.16666980520002062,0.16428157143885122,0.18485455358727748,0.16346141737958314,0.1305493698616641,0.16208863974533055,0.13796470333031655,0.1456458285048552,0.1293089622734417,0.13820573124277832,0.1532017654096851,0.19461233105010772,0.16280970214151808,0.11830582140962992,0.15383669845738876,0.1400601947841701,0.12203731676726974,0.13950692058613634,0.1758497869054965,0.11740007595842662
0.13911705444119932,0.2327966055025102,0.17667273682802903,0.2431877283039151,0.3021573994955953,0.36158254857098854,0.4558641203565126,0.37321341387205276,0.16204518296924952,0.14906382521746214,0.12251774089201352,0.1161945039728864,0.11196266846136574,0.1275195349024229,0.1296615650242575,0.10963020929736603,0.10168966689682658,0.12465220205151241,0.14109050278085097,0.250676152700415,0.28657936184662375,0.24272406465269844,0.22277315399793737,0.1949146669847651,0.16206165697811487,0.13924400246120272,0.11507471180191563,0.1028931571422915,0.1141966303020436,0.11774996310311496,0.15858994439891738,0.12411700364852425,0.12633933831104943,0.14263259533939293,0.12770694646079483,0.13601766173318425,0.15627451512810048,0.12387457585806119,0.14385100539510948,0.14363588739639813,0.11700723226508027,0.11691429082816612,0.1245844599184858,0.13462912217046005,0.11304406861673438,0.21712991605162124,0.1846510502136226,0.13955661803415007,0.20241185734540632,0.12504706153686343,0.14091086931697408,0.16809988505971352,0.15424680583030714,0.13718292477995803,0.15063944321323566,0.14215917986554233,0.1295191967311143,0.13225345134423944,0.14578725670530707,0.15237757313677747,0.1674701479493874,0.17151407019967418,0.20384147865303626,0.2639842513352637,0.2097362295207258,0.13498803484142832,0.14144248854473246,0.15529399760443185,0.15049527756928896,0.14114420655303475,0.1402942707148502,0.1453498044006749,0.18351496734550551,0.2833886343638732,0.18943349146287375,0.15434553538631232,0.13855980298848472,0.14235651627274962,0.1401287340455591,0.18644695213861023,0.15754051050806733,0.14497955537226234,0.2033460982901229,0.14145204989082186,0.1594486813532152,0.1651914850127882,0.19239987677380166,0.19249915538251838,0.15789814116104747,0.2227795291067017,0.17480798670826175,0.18616903014965858,0.21891434229392034,0.11976742577197634,0.11363332350638951,0.1246342280163082,0.12255452049680877,0.15433489073208984,0.18558072744710163,0.1598192654723738,0.13493434547557462,0.114351667415351,0.12038328392607994,0.1769818794094218,0.17580785175667493,0.14974636220365997,0.14598362070705892,0.12814771903418873,0.1264569384174501,0.11222790462083092,0.10621217799292612,0.10463723935860793,0.11522737459315696,0.11564559260693072,0.11878318512364094,0.10739808230383695,0.1545244439325301,0.1605505254315429,0.14530080070300896,0.12400616823217359,0.12590810048363676,0.12903601768955203,0.10742411064489943,0.14974836056977467,0.216870514956972
0.1429033129851644,0.14109200213489018,0.15279207649733045,0.22762314720345844,0.2407454962385068,0.20874322603500392,0.37534303838881855,0.34462836765308225,0.24684756561364715,0.23619082742613862,0.13731058018431896,0.1732415539847204,0.18256847386752456,0.12663850554722642,0.14569518074042917,0.15361725521301955,0.1383979265331337,0.1275588065047305,0.18179996757410813,0.2762485120368882,0.26643204851385616,0.22227660349549644,0.18325603613077993,0.20998445237886784,0.18918516758923543,0.14094258062120146,0.11726883523423884,0.11762831371494449,0.10594640211388341,0.11748647466599663,0.12192422672368101,0.13197366728553223,0.13896956590295118,0.1270185856845927,0.14556683293874972,0.16375496945635368,0.18502051940810255,0.2071323246363426,0.15948971677232524,0.15420351256562814,0.13362223054676237,0.13639767450276047,0.1052317213497472,0.10747118906460496,0.15324723998961745,0.1429703049872313,0.10168862027898358,0.1348666886735453,0.22346093437428444,0.1402444339578173,0.1601163984321313,0.24744283844792522,0.28107832830884405,0.1525621610972513,0.16849454514925444,0.1480903884619516,0.15740647660476131,0.12319716520640883,0.1265773190449298,0.1528683036958755,0.1635305393251793,0.18544856736873352,0.3506961633798833,0.42055477684601494,0.26704398660483947,0.17303915548408944,0.17167716569709787,0.1729923900216989,0.14462938730200073,0.15262956040104161,0.14174718973358102,0.14578575510287348,0.1251007601255526,0.1384476703144496,0.11142646810978897,0.15390955941497808,0.15330151151334626,0.14160057466974713,0.11966385154613296,0.21017191492540915,0.2500044592281596,0.156587465770964,0.27142997866668844,0.13756822947950376,0.1379486990686008,0.1774160501058561,0.2243796459085511,0.20994350366755896,0.1724184034032067,0.25455514939794244,0.18854165350589674,0.11760633250372704,0.15172732112602152,0.13099327840370156,0.11573302231669996,0.14578610801106118,0.15390122642957363,0.16918782118837355,0.15489067650556618,0.11388312382675672,0.11421250253787556,0.09325897703499036,0.09742579566087711,0.12873982343435036,0.16744743139814877,0.16805573905643195,0.16104003099652106,0.16828003520452725,0.1310473327873355,0.10656159982441761,0.11715890482809795,0.11233541865544601,0.1139624408538424,0.11263042670856618,0.10432787853881242,0.13067678294453117,0.14033532298826415,0.11175998539056248,0.0842856267358074,0.116635403525745,0.16086596028154893,0.15573462940774507,0.13735886155247878,0.15039255012682506,0.17053133535348713
0.10434190709559109,0.13981445393399994,0.12888577245085733,0.1400314296305992,0.23823771931596738,0.20291438183646762,0.21834026046049737,0.1863603716245829,0.1681868435090743,0.1705801240961836,0.1540541765395718,0.16677588772382052,0.14389884624081486,0.14240227169386757,0.1780011990160196,0.18211081010356345,0.14726925243220898,0.17884916884485166,0.22305928912879858,0.2534294587169555,0.1914118212172039,0.21096919928358376,0.21099428857971106,0.18640092826544902,0.1630570659813914,0.14458420057446142,0.12837832128389462,0.11546363651504732,0.11248083495639404,0.1282569864475675,0.12903119527347556,0.11553664581482867,0.12844435693779122,0.1570067175031724,0.12358764418178413,0.13401014923939897,0.16608581661429195,0.11790754279787842,0.14529807933195613,0.11108847270945826,0.12531088767506743,0.15824764132077335,0.13930588395275278,0.10641070834776377,0.10267263455429855,0.13853635990639418,0.09739047394526786,0.10751252336081733,0.13059994728076074,0.11583526137375033,0.12870550324985264,0.17695208471171067,0.2109538827250846,0.15045916686491526,0.13914642813192563,0.14976122200284703,0.1715607919628769,0.11716875402658028,0.10665707890263998,0.12516548883843562,0.13406798619044058,0.1667377489539246,0.2285896839678156,0.2683306674013784,0.2314514146674097,0.196042859004583,0.18390037970145168,0.20199410819057706,0.1948272260495233,0.1437080250670311,0.10525131106230252,0.13747849437267218,0.1950784472796083,0.19297924216091866,0.10830593486373778,0.13643407741280236,0.12609671662379285,0.13475716530470597,0.11924154695777887,0.1615645674032212,0.21153072751783358,0.15138648064997443,0.20246892539759714,0.13305622973809217,0.12380695692641895,0.11496402178774882,0.13516132049688048,0.18540465528721328,0.14078500518244946,0.17043411176693285,0.15963719815286453,0.11406309093821752,0.1250187767129905,0.12513916696081906,0.14676422240356907,0.14907409845065944,0.10709995382204827,0.11751632644540282,0.1433894092780114,0.14313666090491992,0.12956280350146843,0.11645541746618564,0.10470261269547775,0.1112442762131162,0.13958922227382647,0.14434866282093375,0.13170406794043046,0.12337086786898498,0.13262568389114163,0.11570371519610985,0.10231036692981697,0.10463019818541099,0.12497448696522118,0.13947488028406785,0.12087415714079836,0.11838821542866948,0.14946215116725534,0.12190221363537926,0.14453590636894972,0.10973684638545268,0.12186269989975343,0.14460101181774063,0.12499001387293061,0.14812974775992546,0.14131064653235695
0.1409241265207789,0.14607205360126221,0.11492120306631963,0.12084927771685941,0.12410983721869001,0.13465404889993288,0.1461753580719784,0.14486419451543278,0.13382308118598393,0.13485683178495914,0.14034494303065612,0.1488154362080299,0.16256840333058376,0.16186006849865764,0.1859729860129294,0.23206925937603332,0.2577454546675701,0.24397599285044333,0.1686363944943441,0.14521934848646767,0.16985988587959172,0.21406742365452264,0.2016813640742391,0.17069940547220988,0.14804142331284761,0.13676975147199982,0.12321901972683437,0.11636470366743355,0.11675698462513812,0.11838451996243352,0.12842679841628593,0.1423469538414306,0.13912848111977758,0.15808431100869172,0.15097052491123322,0.1583269787919087,0.15701876062329853,0.13951567576853957,0.1711063020300506,0.13788743882203203,0.12200606482846466,0.16147062758741385,0.14890851651017095,0.16284024133126732,0.11089752417925199,0.13010288152527263,0.11078502963733078,0.13356485269802032,0.15255099378791553,0.1440430616204853,0.1387134796650905,0.18188408058582167,0.2150485875292637,0.18467915292238726,0.16164661960524154,0.1745346918450298,0.17285401056288827,0.12524463759095994,0.11125561915907968,0.12270610178389842,0.1794340258848185,0.21351835851923037,0.2508835655954642,0.4092622764053869,0.36507648573999313,0.234808520200356,0.20203277313702508,0.18885765278456343,0.17052722731579775,0.14781936659695605,0.12537075743943163,0.12659852106020206,0.15345190572312628,0.16674925980384298,0.15953505508234342,0.1732031596566754,0.16533658049849512,0.15561645394571422,0.12388473620924198,0.1546883447340016,0.17507099221211242,0.15550173204018627,0.2467632908846685,0.12422480077504351,0.15230138857420406,0.1258430364596706,0.13885561141864072,0.15136401926772947,0.132176019201171,0.15003364258504662,0.1439741026533478,0.1257477691498006,0.1315730113041218,0.13108171160029095,0.12844830355153622,0.14164942174736384,0.12002002507390391,0.10572511393739446,0.10292618205664272,0.10821091981967722,0.11103334037673086,0.11430547687256447,0.10443040445751813,0.11056592405384556,0.12188099706498005,0.11766584896738469,0.11865915181153244,0.13091729899197557,0.11617472792786844,0.10624283553807194,0.11786922285792487,0.12957385740529917,0.1412610897784809,0.11175004329093477,0.11181393588328901,0.11987714897532241,0.11909786680083953,0.11920114503619332,0.1344585467471698,0.13523871766337758,0.1554558900466104,0.13307831910546708,0.1345785771331849,0.19729128998463052,0.17047454145336455
0.0571468528367317,0.15657939174728513,0.1713587894810886,0.09193078955445808,0.12388410450799062,0.135422760413081,0.17112010947929468,0.14539708536191312,0.1446389931061448,0.13853466781557935,0.13289636691958773,0.12620287378656597,0.11556349641676104,0.1264035200727961,0.12984696140866292,0.11769165798436734,0.15180213915971016,0.17506679729840993,0.1550494792514295,0.15174191545731608,0.15564447953440336,0.16038181430233925,0.15567214705297616,0.14754992386994029,0.14776533705262418,0.20249647341400703,0.1701256530580892,0.14594859477157673,0.15310346624840676,0.1587564188659523,0.12888666714318617,0.12321159716235706,0.10380317485322535,0.11112390732693236,0.10765122527147565,0.11832078200038192,0.17240550258357243,0.15123232928611435,0.15389895466879935,0.12570699756116818,0.14842478144367902,0.2141026779888451,0.1754566835218569,0.20805280220905775,0.14157676820226772,0.1299867339173766,0.11547222915545122,0.09588514956402959,0.13584210470263441,0.14360059328244645,0.13757071251854483,0.14113910821293987,0.15500817441927492,0.1633480999679636,0.1662797678295146,0.13464496521575017,0.13362672264938408,0.13986469156267664,0.15510499142597534,0.15541562159632252,0.1902064533000387,0.20077109164191465,0.18796057406590727,0.21093944372088871,0.21350719366927226,0.18737140045640363,0.20446340657690734,0.19605371803077076,0.14746993493199612,0.11565035949355994,0.16774980205607065,0.15700343922579807,0.14687129202919863,0.17821512034042855,0.19047597682074366,0.15250426341522413,0.15688122770094082,0.19035465485963163,0.12555548677457073,0.15288653907326627,0.1309672133177554,0.14963846216283894,0.18685445403952616,0.12350832373049425,0.13685848078401455,0.11233611089862663,0.15158366980027704,0.13996673582850683,0.12053421383100811,0.0880201007184829,0.11108335514870163,0.14506021892263438,0.13921096764393587,0.10317430085456808,0.09519534712159813,0.10930896851632717,0.10453845973585366,0.10991133962982032,0.10958710910790764,0.09972415836194876,0.11823098703191767,0.12462106844056169,0.10860275322163437,0.1134439218361731,0.12491238367876675,0.11660907855480522,0.10535672548014464,0.09589300717125888,0.10275014403648056,0.10810537376517898,0.1263481148261984,0.13034051460945018,0.15534687466210348,0.1475129879686871,0.12120587893555035,0.09665361032371768,0.10067734547229328,0.11316215283725034,0.14476274921387164,0.1179974344244354,0.14543911031008344,0.14370566569092194,0.15830783736433246,0.23302072392699646,0.21413091301951373
0.19093692479152105,0.1942429599985277,0.1886014794682086,0.12371156946223771,0.12810194363681876,0.12390432181541985,0.13516658188066613,0.12158169915794077,0.13189166845560674,0.14704330364951007,0.152931695583323,0.11305424690633728,0.1260408591352275,0.13253658087911951,0.15738839486809042,0.2066347393595549,0.25114563332325257,0.22980112828687577,0.2088375692320813,0.22720898493918085,0.21046750107738854,0.19769852480096767,0.17380776383675975,0.15826856375368598,0.19259232352177502,0.23020572032061573,0.1666146182356939,0.1660765783156563,0.17898023998935883,0.1524056631487303,0.14553528278483524,0.14764860988701595,0.14071182452764525,0.15192630917921682,0.12612876732290434,0.1262894182079734,0.17607040226824122,0.11996786529709628,0.10974310768777762,0.16135571286957134,0.16956092477316317,0.2380561137763648,0.27659651367816446,0.20852033638437792,0.23247534746288392,0.18766198763749198,0.14479260949111122,0.1293308986072508,0.14078425645042275,0.12026360462629941,0.1242123271152624,0.14703576597651974,0.1626923411836498,0.19884002489117308,0.1762631452369726,0.14054235986013777,0.15116169646142075,0.1402764336330325,0.13187656132336736,0.13447197243800596,0.1499148750741917,0.151993343244861,0.1606820558029244,0.23631402993052242,0.21405289540362513,0.19119591408250475,0.21908531180928698,0.19909597763706505,0.14318123224005327,0.13967110068089048,0.22296929898682982,0.2155253747693585,0.17529105985860347,0.18606293202938465,0.21288073800948412,0.17915884344243801,0.13594818304935385,0.12793673984719398,0.1119088651468005,0.17006590495749868,0.12485329523838244,0.21069542541261893,0.18188299206564132,0.15349900861050267,0.21654515823383677,0.13544496048810112,0.164917927200254,0.14932493391554671,0.1230427711663704,0.12392278237187632,0.10354005043694263,0.12390914131191369,0.15476595934381698,0.13478608595202865,0.10246123143735864,0.10544799497457652,0.125526298764563,0.12111836280067657,0.11436462919532989,0.11532705271519049,0.1076499395126065,0.1273708056195873,0.13724110564204434,0.11458259352530689,0.12353812467609979,0.13540163311008335,0.1392826961834726,0.14718196940842235,0.13587393209104207,0.14907339305079403,0.15772400117296956,0.159768985373469,0.17153416607281882,0.1694938112574187,0.13566462482990044,0.10249579747889237,0.11438147775901959,0.13020523149506197,0.1455713300419735,0.13717494682709488,0.1635132420566662,0.13870704789238242,0.12559526823137696,0.16494953179854482,0.21302295322476028
0.13582711498035122,0.12668548361543508,0.12889431834406198,0.15115683001879768,0.1492806892542491,0.1334940557277049,0.12017559505738448,0.11117978441288645,0.14396939693061228,0.14159190100514013,0.1154422600001556,0.12100472982014639,0.19542019593344248,0.1858444124396674,0.19718399283771282,0.18997805092191644,0.18460112146007665,0.1703068283608127,0.20117805384842777,0.2764467805447156,0.2501939115609188,0.20266327093102188,0.22978723333286946,0.1894203944642591,0.2120229966926259,0.3099916698368423,0.24015763127708104,0.23317912424766873,0.22136789516988353,0.1654029183966654,0.12723047811698426,0.12258119194139613,0.12206421777878439,0.12154469722333452,0.10036968108190725,0.12061923974708953,0.1404139659600007,0.128048966744484,0.12749107902875698,0.1501622677583092,0.15532045646729314,0.12287646810743608,0.14384242320183835,0.16406049205219356,0.18114612233851218,0.23379107794709278,0.14170146915581297,0.138658514487498,0.1494502230090394,0.13875672099256547,0.1648541292730992,0.18291512637220086,0.14063271763556756,0.14173299129996114,0.15325442083686797,0.15413470346123118,0.12771204381713863,0.15270626581714308,0.17470583813458107,0.14281642638245395,0.16849462669882237,0.16128375672333412,0.17734996357277483,0.23729063068761103,0.20314707293388248,0.1715813816876986,0.20025118789523033,0.19778895433847268,0.11926647170222543,0.10426899860033725,0.18821502992483152,0.2151943855676167,0.1969850169718142,0.26661859730288723,0.21430512444401137,0.13769682197810035,0.1423946159438759,0.14179884327734976,0.14350095732766294,0.1512418154284578,0.12826298584707607,0.13294174062811473,0.15194014429406594,0.1330479574535328,0.15921758023816646,0.1447304182131146,0.16045003390304843,0.11611650008789581,0.11944638350915224,0.12090314958058207,0.14000986268183316,0.15143572964600965,0.1505336855907874,0.15953264776611958,0.15920247412641547,0.13176241871730787,0.12859325969180424,0.10827684334970243,0.11219979157679098,0.12622185970230346,0.10492204498725526,0.11074832235028936,0.11375853603333441,0.12499812679672347,0.1309915067273419,0.15275301315413387,0.1616426814157111,0.12157575645294946,0.12643606601290378,0.15583904095500078,0.1448466194091554,0.14670187558682665,0.15105766725081357,0.1441057995680764,0.10482114000751787,0.10783932340711312,0.11389546722817255,0.10818294290701785,0.1760641172293681,0.1340582921445511,0.10475387370996994,0.12871556185302874,0.13186800300709786,0.13386085897899938,0.08911291748224028
0.12453950327566023,0.11237720883496291,0.1526422895805313,0.1527997791309619,0.1530305464553894,0.12288856159043259,0.12679322953689773,0.17056593153006472,0.20536165642565532,0.1671623605172401,0.16351040773833575,0.1279603993909882,0.19806685878476904,0.20810828532293424,0.2717772968755843,0.23128508725664615,0.18735718186902353,0.17410951770051344,0.16008929432954028,0.15000862472157145,0.1401445336999226,0.15096588478117648,0.15615745724886815,0.14778251270869483,0.2419894006747152,0.2891246200700698,0.20064666389439131,0.17517068500833344,0.21278908475982453,0.2048411344651844,0.18509740859972232,0.14634976897397428,0.10178394275986313,0.0901718405521137,0.10487569635253167,0.1937644339519162,0.14979349113233337,0.1269119435749442,0.13455385012950832,0.1710371902475625,0.13358180076246068,0.17555601684751304,0.1526996007361792,0.14848118638105925,0.15028125532862494,0.13676885420243104,0.11552848017837901,0.15974889651935553,0.14111791761989032,0.1624290864785581,0.16301413296515502,0.1797450183729066,0.16905186706319777,0.13757293443025104,0.1736230240503016,0.17935301139426602,0.17019528152785113,0.24587352151594657,0.3105469491221972,0.2503531051368614,0.23382578428379286,0.19805564807584566,0.20913075714232288,0.23581103714336932,0.1610103397666972,0.13345853997538282,0.1840718686146114,0.20079870703981348,0.14573907477178522,0.1222047694327906,0.16891349231161057,0.21568621045446165,0.1733772905890472,0.2499089073594344,0.2109802621311621,0.14820313717027767,0.12061485394070794,0.1419151627035338,0.10317683297214673,0.132450326472192,0.12564882227157312,0.1672780694274642,0.14406906939137873,0.16294280825437596,0.17077279411158436,0.20357934333131786,0.20927251660083246,0.20117364160874993,0.14545824423889303,0.13131993912302087,0.1320093021127532,0.14053760106118335,0.1592609702265313,0.1627978581272012,0.1609915578182747,0.13190817291127044,0.12229913344961962,0.12518357349619028,0.129209407997449,0.15309892378474782,0.1654384322256279,0.15934683075334716,0.13051346748430404,0.1160886468882724,0.10496458704690326,0.1319955080923963,0.15409179253875827,0.13264623409955778,0.11059019792415906,0.13835057838636278,0.12416134727094581,0.15369538464089516,0.17099954968170938,0.18641629100524876,0.14858761269158888,0.12367557369750078,0.10772753575879987,0.12524643570133767,0.19622311676419518,0.1283726509212596,0.11169875883491856,0.14013785084877747,0.09100732214756074,0.14614088334378855,0.20709328521429
0.08771372130817881,0.12901165552135502,0.1602521388573962,0.1595755558044626,0.1772305816972487,0.11019490787351627,0.10719351757550327,0.11794016479148217,0.14155696647631014,0.130491284566306,0.12429408288057574,0.14145675695832982,0.19462671232327508,0.1928257071098167,0.23625213158370126,0.19899577205466618,0.15440086079366858,0.12635584544124573,0.12066489520553417,0.11463447280532113,0.10905379519832334,0.11938900660778476,0.11193059782009801,0.10023293209236782,0.15031578181448974,0.15964364378595328,0.13913628678988937,0.13779732291842894,0.16494075465733168,0.13541607004373946,0.1240102780215604,0.15322317998293766,0.11285321247138826,0.09026332603020243,0.09916175664625487,0.13941770706073628,0.1626381963010417,0.13096454653148887,0.13901410992459448,0.14746638284680125,0.1378247174033492,0.2548454465228766,0.2141305180326497,0.18518390059290182,0.15441967957927266,0.12158411346998414,0.10434648711679999,0.10104268174621679,0.1359957100021919,0.14100960676256147,0.1341449626754784,0.1338876519535327,0.15567788981508207,0.1761202917978654,0.15635551636788025,0.15720341469972293,0.19748195908970403,0.23472799779862477,0.21225001021680656,0.2148235463363819,0.24631700333857412,0.24025625029440356,0.1997256815577246,0.22098215541154845,0.18767780693387745,0.165253209570427,0.22386377676148084,0.20516199032949098,0.18251665753171198,0.16020704562588653,0.18968016016969136,0.24511839256244355,0.19868472468294227,0.3286682178490982,0.22749377125866482,0.16017424543700728,0.1365511854188626,0.1443983789666984,0.11166853201590018,0.14338767132267383,0.11699696444948571,0.11983842594001459,0.17482243571550943,0.22612915763446087,0.3138240687998405,0.28817176862705185,0.25797772182531054,0.21838588352363814,0.1904064314693403,0.17500900144893372,0.1913922365799811,0.14847595443625772,0.151471548752389,0.169576128871208,0.19809069047546596,0.13760547892765862,0.11734655211095689,0.12302624840063876,0.10705381776122694,0.11238148118221328,0.14647211798501708,0.18133587772177334,0.14652764821067973,0.11589270181857746,0.10158880534115873,0.12028055629226453,0.13775934689246483,0.13241205785118784,0.12783073804689982,0.1369483713462006,0.1291293387866191,0.13054882365985293,0.14978790789067498,0.16074355548532718,0.13926293644097748,0.17488723842220394,0.14418767809688585,0.09312953936866124,0.1137417642831769,0.10871325663543777,0.14575236727052715,0.14546136733502082,0.12638367515544804,0.18819776259341392,0.1410384712514714
0.1285677379857979,0.1654688138631824,0.24702481530358103,0.14438312616203589,0.1645445189221778,0.13360460067631397,0.17585696021448588,0.16377410933171094,0.1662449616643874,0.1398447370584523,0.12237858383421117,0.13530715311156316,0.13310707445305398,0.12235128869791018,0.145234607740423,0.17637596601758393,0.17141694771080962,0.13776432858850018,0.14767192156749692,0.1530084377404539,0.13138488354050176,0.13050600722560526,0.12791165381209663,0.11666782146120828,0.12447759392096105,0.13651296644372377,0.1266558343995318,0.12443405818072241,0.21205232548338174,0.1846098872016146,0.1613598097556525,0.16001874003447938,0.11124504375267269,0.1103229659423298,0.1251103043295168,0.1583109868114044,0.16822918113223836,0.16145276173150655,0.19315807431617701,0.17994991691303774,0.1752518545124978,0.18067920026880135,0.18136992267487692,0.1573553995924326,0.1808859854099309,0.14552776769051168,0.15306350966004184,0.15045300339812406,0.12721463766751212,0.13503877322837832,0.14039121618924366,0.1630700057959348,0.1607762662336271,0.13370652586252496,0.14995969344813256,0.18342504231720164,0.22228546788685116,0.278552215755489,0.30674212364022424,0.287089536242478,0.24111627838592442,0.20278522098188587,0.1575454739630057,0.1636290460159473,0.14388880360964143,0.13432570687709422,0.16611836304457175,0.1725026731476641,0.16540651329744768,0.1739257185166228,0.22350194719685712,0.2059242733345409,0.20047886964002665,0.27341532987812717,0.21537196633794123,0.13706730371305673,0.12909692447238452,0.16443584464360336,0.13129301971959148,0.12022947982968168,0.10572375317180385,0.13982815130312065,0.1622348856101753,0.2068965658196827,0.24614490391299096,0.31433974257818614,0.30279653925424754,0.25895608115125435,0.22359580110977814,0.20606088956027505,0.2052307713247359,0.13927358646147162,0.12959372608949465,0.1961344534774355,0.23368694290714837,0.1714872475804858,0.15442613126148477,0.10979509425144945,0.1114848551547159,0.1269140513073817,0.11634184036161675,0.13808499876426433,0.1415208615965653,0.13154882432632084,0.11726479498123932,0.13823465421796044,0.20080641665187016,0.19783481905230899,0.1391495079202007,0.13028440852681242,0.13947825446189507,0.14187634168777838,0.15646107430049008,0.13492986782342553,0.122817048035515,0.1571292019409327,0.13410753556694027,0.12469263185648513,0.14429019421457326,0.11881556932520601,0.1552890642670853,0.16346410529598449,0.10922876753648583,0.16872102376149142,0.14165947903931458
0.1742632891782971,0.25027825099773454,0.22061897957597815,0.11854137871184234,0.14435259078310564,0.1298614200391609,0.1406859817235423,0.13536928054953118,0.15854898044096885,0.16306560590558744,0.12087234498284574,0.11839447210252879,0.14592711390298876,0.1500111066858915,0.1312455355847803,0.1756168921383027,0.1940301835769464,0.18137820238172597,0.1783841671735085,0.22605232277449377,0.1966857492561445,0.1860668782342847,0.17863144214785304,0.12910839710696048,0.12157521663784049,0.1439988922871619,0.13600583424734267,0.15368507769934975,0.2503456235050997,0.21652398945583806,0.15238016207385227,0.14972897060680457,0.11881633567396904,0.12455282117931411,0.12587970563716433,0.16439623950203264,0.1408707846512986,0.15470570624814026,0.20602116854394828,0.16298610934067678,0.12812044644419102,0.13472728856895808,0.1631879622412665,0.13442585260708453,0.17047359814684598,0.17003482076937673,0.1941419867828022,0.09860929929502465,0.12316827571346367,0.13384813026003228,0.14571901731155604,0.15658723339557548,0.16060462931552222,0.11574590080522923,0.15819649518358733,0.1842270212375249,0.23379968217361535,0.2815776875153514,0.2604662112719609,0.26707196577666176,0.23414365689142239,0.19591549453431795,0.132139427354967,0.14116081812887873,0.13404373186240254,0.13578134729693186,0.16763864123046984,0.19006538981921053,0.16747672202694325,0.17452844642106713,0.1656935449993928,0.19988997158955032,0.21756773333481358,0.2581440922523524,0.20330895852234054,0.16563954454699667,0.1808591534359703,0.15843847794558322,0.1254670692570239,0.14786425830811423,0.12567800209994798,0.1790262927799356,0.195392211926704,0.1779912868799036,0.22498157377434683,0.2633799828652772,0.23343149477493877,0.23100366912463133,0.2224332780919961,0.1427420915385011,0.14578953992753865,0.16904335760153436,0.12907385882753036,0.16771520282527452,0.2221090248318657,0.15156815002706497,0.13089865987760552,0.10578178597169544,0.1021013360019717,0.1157579408151142,0.14128819849895663,0.14352249954895552,0.1250326405430341,0.11177909060130498,0.09737181801232063,0.1341818852980126,0.17202674157441541,0.13533524289134205,0.1195222463681061,0.11511870202886432,0.13669982811611894,0.17732277117536058,0.16887405723283389,0.13755013055136867,0.13142257593962636,0.17538918831328312,0.12852851939008875,0.13784058059848758,0.1715394030823142,0.16473372366680233,0.15086598139138807,0.1494496354524426,0.15378397673531805,0.1916423813719652,0.08619206108006805
0.1510097678070651,0.17857577692074483,0.15302694008879042,0.12016522753352042,0.14073149987847738,0.14042778458005162,0.15284067357625442,0.16578012971824488,0.2000156525130406,0.16353245053343574,0.1180691021731099,0.12442192761345892,0.140557726459273,0.16191878168420273,0.12427028657250908,0.14665764828716843,0.1899805483163028,0.1568908900905162,0.12417992594427352,0.128293589656464,0.11669673347380956,0.12421974863533247,0.13416872013623465,0.14439968901145728,0.17137592873441598,0.16030402047182335,0.12603185722004046,0.17270732338551364,0.25875705998147724,0.25566442439773773,0.19942479189735082,0.14888387020577803,0.13541119864592713,0.13156978897689067,0.10889322496109133,0.13525572752938161,0.11865286574633922,0.12838918608626707,0.15110995733718777,0.15609635911408984,0.1288791099799733,0.1310953329236818,0.12552984073015716,0.10435935400653654,0.12414995330146139,0.15626200748183613,0.16183922015029562,0.11341121207171079,0.11849849808878557,0.12939447241109314,0.1277614736853347,0.16836308767470473,0.19052223144497113,0.13270654968206044,0.16269916348013902,0.2123139990001775,0.35867908137171384,0.4084168130023964,0.39094547667172047,0.3529518067196932,0.21316830650246013,0.20227571086949225,0.12487849259763309,0.12726790841654226,0.13702090720493745,0.12312494222363088,0.11686851141969026,0.12825472938692067,0.14753030921863963,0.1341536634462154,0.1265622541222352,0.1461306164147968,0.19862196730278225,0.23775425232053338,0.16268093846731235,0.15199182276005177,0.17416701908782906,0.16515613244159336,0.16206921950286474,0.1768843924001667,0.17817931968226072,0.22239376496721977,0.27769097760546957,0.2145053058623092,0.26853247638124506,0.20661127786151512,0.17254058945920456,0.1463299642455191,0.1337471991431777,0.15465925360347757,0.12264565992754686,0.12863017003024002,0.12939040322951972,0.1543601198988766,0.2026007459853188,0.15145049375750252,0.15924059342065375,0.11661287728184278,0.10769970004586707,0.12272453598939631,0.14106500439574893,0.12730337143345777,0.11665852827072323,0.1229535024633784,0.13280894014965333,0.14281009944863426,0.1523103207627349,0.14069761473919992,0.12603547619372285,0.12572554327654123,0.13238686292219923,0.13465125772685838,0.16274690186265345,0.14447038832992545,0.1798787377778946,0.28530889121956615,0.189458809351156,0.1696269106564609,0.25636166997846777,0.22323354131588252,0.2102173841393441,0.1610229947583967,0.11227425514223452,0.154300939008501,0.08797755822036923
0.18716975020761634,0.1878695951009992,0.2451648786133425,0.166727468581091,0.13243762788653654,0.14546118566913238,0.16782861791358417,0.17901851121297988,0.19009992646673984,0.14103246204224015,0.11381340193296736,0.1186707207270269,0.13844453680365346,0.1552246974018215,0.14997586513194566,0.1807229487582852,0.2065042167444008,0.17221984619620986,0.13171854981632292,0.12298233462132167,0.11120054621921988,0.12935183227926264,0.13687262784855203,0.14167040827078253,0.223207293732385,0.2452523720387243,0.1888150498113405,0.26205380496091557,0.2925534424749336,0.30996492972917583,0.2687347819713622,0.16850893906921613,0.13751395055303053,0.13443214792879032,0.16603195527253356,0.20561309112145656,0.15999888947678081,0.17357710796490008,0.18078413266887783,0.1586169548824196,0.11237162162084136,0.12391774273479643,0.15371838564754717,0.15046180147532,0.12303663197793385,0.10628718824895284,0.14709066111080804,0.1349578766651211,0.11343878176023525,0.12008717073186198,0.1533573589002682,0.17717188928472896,0.1851580855709239,0.1555848530807695,0.1496502722700654,0.24079426686287664,0.4341338556596875,0.5400059987146937,0.5532594227363634,0.4459571228714896,0.21770482777276315,0.165913673200545,0.13039908168563652,0.11649182620735213,0.12901121359354406,0.13945634299936172,0.12063260191237986,0.11868915713960598,0.12126466936427338,0.1146865274191872,0.110316626154428,0.11675109632944573,0.14828830828030254,0.17629803881288963,0.1294115829312689,0.13666619141178152,0.1668498139823377,0.18807732462361365,0.1597753440776834,0.17405743602457324,0.15155584649893328,0.14476078635281114,0.18562563299798393,0.200452560781875,0.17775509607225637,0.23008874666253906,0.14292344568690166,0.1354552860461424,0.11990213727297239,0.11511276902650183,0.13026293611432596,0.11451188444107088,0.13843340568233914,0.147972895106886,0.17570177573183896,0.11826526086652742,0.12900926081339825,0.11934526642390231,0.13643576913263555,0.1551372053339583,0.14646394248738354,0.13129085732818582,0.137018778795569,0.15639041666454181,0.15001265653595036,0.1626893414537984,0.15736152949860446,0.1270077423162136,0.1107383497004647,0.13262226639311972,0.14417673739766693,0.16960402015915943,0.18935303565528416,0.15034999209217187,0.20752587406701772,0.41338873646363206,0.2675700834576869,0.2561691503134247,0.2749405385331493,0.2396046498940347,0.2651281558065929,0.20122787393212938,0.14052966848502368,0.16582957533892934,0.11089139415572304
0.1783829344826735,0.22402814512972571,0.2615636392616974,0.1699122863478114,0.12372538552208204,0.13012164783212601,0.18931545736827626,0.15934102419499438,0.17910431738142366,0.16115910418903298,0.11743339744459716,0.11045827346318404,0.12489218126366805,0.14554924326793378,0.198461686407211,0.24439637873240944,0.24141340127752786,0.1956847355043479,0.13605717621353058,0.13074088148454954,0.11894129492142952,0.1574981573162169,0.17780854907895566,0.17870041031555273,0.26064077587131995,0.29275146041606204,0.2531444578987807,0.2844569157663192,0.2953038519207003,0.30810817291721776,0.26167240020704857,0.1589222783772426,0.1289974996802571,0.17945168393976996,0.27139930383148675,0.2848016882223132,0.20883795055996282,0.21461003512035337,0.25034148194556366,0.200825610940366,0.16088870998397023,0.1730326952898254,0.2257549841516165,0.1882947434656378,0.16771207095244198,0.14578097061938508,0.17323794825534378,0.14812369937550515,0.10862065794589845,0.11399150893530362,0.12736477767438104,0.12237121502339118,0.1452440824080721,0.15538290032051522,0.15446657960740004,0.20087317262312307,0.37494878659306696,0.5536692021646822,0.516142197242412,0.40206620155082623,0.24254769670224646,0.17260278107801347,0.14216186794191332,0.13881375026778814,0.12000115216406496,0.13350136725875156,0.12603673782382813,0.12725774513628066,0.10931877229672068,0.10241003709925918,0.12695214047963985,0.1356264782579711,0.17434029511264013,0.21038711924672143,0.16857616991419588,0.12201550401181724,0.21621384221442794,0.28050819986769426,0.15712554002460533,0.14414463882819112,0.14283390058372114,0.1298782160292614,0.16858604563414398,0.1550844591049244,0.1223621546495175,0.12009433090453445,0.1325580291110345,0.12618187705731138,0.11670135687718296,0.1372782022645419,0.16280023425671314,0.13783714983896775,0.12951813173102805,0.1642458455003776,0.22233206825872812,0.1639017067724942,0.15088773502073333,0.15010903302625916,0.1471709836448319,0.16116427392179478,0.16334559198385462,0.11146196367262406,0.1335563983867243,0.15529724666826922,0.14884696082007232,0.15641577637045634,0.17389588589860797,0.15810592839924495,0.14205824858596106,0.14251518131260993,0.12695040733551607,0.13271166437990672,0.13773687187781244,0.11152188535746202,0.1600647554589587,0.32968503996482557,0.20613827740576368,0.24298116440826184,0.22772264622705662,0.19748952323349298,0.24772770785431375,0.19925669036478,0.111146916173481,0.1419080441609962,0.0960640873329362
0.2338807110213465,0.18944138972659147,0.2694107117133471,0.17143814971739194,0.13364152158805964,0.15000437174923623,0.1833761438157935,0.1706220823852832,0.20250810153201365,0.19277255818600217,0.1401447214463018,0.12499819478952384,0.14652975603893734,0.14656598899287487,0.1796161519011501,0.218464204315585,0.2582387818381414,0.24233506307083488,0.13440499506410755,0.13140241874846456,0.12373800419313055,0.13339494580730238,0.137828951809596,0.13594889922708875,0.18615825972363936,0.21317482770559953,0.22254308877126305,0.22479943809042036,0.20740492511441488,0.1962060248684257,0.17498103831137266,0.15213141455396145,0.13533238222515656,0.17790288243912897,0.24158388359600808,0.2529658839996033,0.18710448045122752,0.16081491142690293,0.19784518686865676,0.15530840512882577,0.14456347592994015,0.1511762276398833,0.20870423684421713,0.1565292230145542,0.15896999474535775,0.1655840503225365,0.15751091115423804,0.14414019089096708,0.10437436345970402,0.11909780100793163,0.10990086591754626,0.12293186777692322,0.13934857511090465,0.14125878129770914,0.13606023258515343,0.17371537847503823,0.2171993307950415,0.26776770583723297,0.28054429805126313,0.2061585769151401,0.16483944273344228,0.1437911238230192,0.12886597625295984,0.14636933622117826,0.16285461925008193,0.1523955258586367,0.13510481895696813,0.14273925419895078,0.12233106458970833,0.1143010746919754,0.1307554576627001,0.1347426888774229,0.1818462466590054,0.22354751149403151,0.15428757685932024,0.13198808727213907,0.20993234069690447,0.2804796923244074,0.20051269964992535,0.15480188747186707,0.1155129712711049,0.14548297383249806,0.1537086910347919,0.14848511154356087,0.1385276812031342,0.13059727143177272,0.1165539658633202,0.12114789613284518,0.1387436756081699,0.14219905073773856,0.17903201123315665,0.19359288326854587,0.1339936492292505,0.1252689157129256,0.16399168945477205,0.1420013849742671,0.15529311677485114,0.1708898309643835,0.15537022121470354,0.17033539171960665,0.18793883575734027,0.14848419014465072,0.15155425066638817,0.14403727650562412,0.1285118927566324,0.11903496396710672,0.1343392658522215,0.14368418119154924,0.16150963852290925,0.17001162289676425,0.14102391831165662,0.13788776578146597,0.1376109535051601,0.17399574329345266,0.23706490008402986,0.3513077949538946,0.22336824926584775,0.18932207825326902,0.18844201933661775,0.19655123775282946,0.15331797867531888,0.1792571108111639,0.11811919738114063,0.20441654763010736,0.11923804246401916
0.18077033530391182,0.14798084337601813,0.1555785422949739,0.17153255176379825,0.13752528824623983,0.13716822152438632,0.1634316958801372,0.13403039395281827,0.14840820634748828,0.16478001094925432,0.15552050586338823,0.12489994618715877,0.12552860019790985,0.1182191852049878,0.13612716614776116,0.1497419526347037,0.17046131627772176,0.1800402097024954,0.15239221051102642,0.15218525576443515,0.1375657921151497,0.13368889562302916,0.11234981030537518,0.12326859724493035,0.15677617519327958,0.1681540807582805,0.18157649109760376,0.21038850082045785,0.18024879744778877,0.15004335800972965,0.15737656563339497,0.15312093523717918,0.14756190915650547,0.1607316246426473,0.23806530837091905,0.25647403862058205,0.19366910651350894,0.16635170042065264,0.1574885298178872,0.11881767109866728,0.11893788853479972,0.1311846800868449,0.16281109921082726,0.1502286953935409,0.13280632105018023,0.11832782492900062,0.13778514058654728,0.15565856962614405,0.11526211254130697,0.12088780209173801,0.11213043336106163,0.1177385913638343,0.13226770433169688,0.13254785500223637,0.11960953784022824,0.15524982050988304,0.23933445271099024,0.2698886471520881,0.24201363586587266,0.16148929786861885,0.12862238168729673,0.12537922555355574,0.11922982417299946,0.13726560330672363,0.18833795663265865,0.18371761262635383,0.1372490335724596,0.16754932506532325,0.143259803704234,0.12206961856765464,0.11480596277507128,0.13053521607078125,0.19486538912332388,0.2455412950495553,0.19203205397971543,0.13925429716999535,0.16926209021623578,0.1698154567404945,0.16015172300128255,0.14986086119798953,0.11537904666099351,0.1267906785262182,0.1912754312584356,0.1652969073245431,0.13679102381148303,0.1150408393409154,0.12183774703430372,0.11577935611006326,0.13420261796758934,0.14434249233850366,0.17862781194804858,0.2196743222633001,0.1542729845646285,0.13437852967709316,0.15377520185745408,0.13418616106135461,0.10595904754010169,0.09929484000710954,0.13998417210524078,0.2122846265469422,0.2549023968883186,0.18039321511520873,0.16032184062417362,0.15978143438441908,0.13512966452604291,0.11969796758556214,0.13102831529246828,0.139719544057962,0.14952880793650614,0.15993167741893402,0.1422093267784445,0.14722733904381596,0.14531673822496186,0.23277798171111252,0.2785940555366421,0.32380969803837406,0.20074710233428164,0.14561690036953448,0.1432603577197854,0.1289329764525381,0.13428368098901228,0.16425398099752508,0.14305427447221034,0.1998518492818293,0.1392200511817757
0.15605292057032927,0.12860393670915482,0.12559872750926893,0.11999204358283991,0.11827110410757755,0.15094872574831847,0.14808256629712824,0.12514983063545987,0.16850338572588058,0.1552482923335699,0.14413731920620723,0.13243261243497934,0.12669546727944594,0.13432672856773997,0.1368020590214171,0.1252111880131592,0.1570970225131707,0.17880176429009997,0.1654715197303624,0.17914830653492175,0.18977156907320636,0.17470752546650936,0.1326789524860385,0.10936201500990604,0.13093400376918599,0.1676683943160177,0.16581718513126034,0.19280998234631858,0.19457025952749724,0.16217429199858582,0.19147794619041067,0.24222756971300627,0.20705190131823137,0.166568680356923,0.15503864008263518,0.1730379884136919,0.1561324849298466,0.14441572147328036,0.10511088932330873,0.10146156033094954,0.1041395505686212,0.1449121918529893,0.12777897539838667,0.14974798635971792,0.12405747364204331,0.10918659437784359,0.1185992661764133,0.12863716101016437,0.134507295352348,0.14016706895146203,0.12230156315477547,0.10581882395267156,0.10736187549108736,0.10265579581987673,0.10394462384229236,0.1197066968771252,0.15528715264018256,0.17546252398234882,0.16683358410285964,0.14816354347380936,0.12803693648893433,0.12126887292718999,0.12117441118065082,0.12849662293016129,0.14834442927573982,0.14692579339663303,0.1277853973579508,0.15426233862566902,0.1345545053371116,0.13061709912979672,0.13204368801759364,0.14226061623214686,0.17504196112114775,0.18820644447776225,0.1768248896826938,0.12244465210585634,0.1283482729833676,0.13083706529608286,0.16086211820979154,0.13666718645586703,0.12832041985522677,0.1372735564631136,0.2652170651591343,0.162939009432702,0.12839680808941237,0.12366512903312113,0.17211128803058479,0.13125924329131283,0.19848200610997185,0.15719575790412582,0.19289992465463146,0.20486483566860444,0.1484541463085779,0.14670119457047548,0.1700958315729892,0.15449114337919567,0.13399744575460565,0.1346602895827786,0.19069991708418016,0.2665855792406253,0.3340523758010126,0.21917853438951318,0.18896158768617138,0.21330605287679183,0.19592385198325035,0.17026917755369997,0.15188102293103523,0.14921697860122707,0.15507367341261946,0.1576506751457754,0.14632528094790428,0.15184575966252128,0.15541668578010467,0.20121550855858022,0.23094350165302738,0.2561986674384287,0.17207339873574906,0.15056248170231745,0.13784793910594817,0.11230451248839693,0.13355342791368616,0.13002757774029922,0.1250934955808223,0.13101351441415046,0.13004487462664344
0.21734708892610877,0.1261029652093855,0.11687757774673727,0.13014436584737102,0.16710742726381927,0.2290380707248549,0.21921236129153815,0.16463582779104602,0.2086396077639637,0.19509099514323142,0.12114605970641154,0.12203412119056034,0.12468600138691369,0.1286738409581368,0.12620352055458145,0.12932116547701245,0.16664075814076307,0.1620608074375765,0.1492171169761519,0.17808159854274375,0.17692243609454583,0.14981109467180143,0.13140673355648796,0.11861949530028748,0.11781192669810711,0.14472991171197278,0.12781885836706847,0.12420038116384123,0.1503001888003136,0.14066960695283895,0.20012471101976495,0.2383286309009887,0.20281778833681713,0.14969686539645358,0.1459623154706527,0.19768975381884446,0.19356163100538448,0.13048915114273765,0.10564856404710504,0.11992930610057817,0.12110354069663476,0.11922092128281164,0.11287842578328419,0.14722210494789806,0.12851170685208346,0.11612973051461832,0.12096380242804314,0.12930661484826905,0.14913946978147108,0.15480142821843215,0.12278447251604205,0.1213012106922999,0.12358827724541879,0.113138408180703,0.13035927120573546,0.1189458629186459,0.11172104604695274,0.12295961761335693,0.12293879509767613,0.12891051677265158,0.12511246469339934,0.13720669178305595,0.13474602084623943,0.13498877657209252,0.15041845131090018,0.14391442789867886,0.13345383761255764,0.14592917608983225,0.13666953807155913,0.1368853417955484,0.14819680790641881,0.16968477405890037,0.1758104142541021,0.16209011087955846,0.16083954688127983,0.12032427101300394,0.1646467737998356,0.11562025354624761,0.19171184967471772,0.1405636317690224,0.1363351957630421,0.14683381725329675,0.16927534428497115,0.12957016737895377,0.12192081666900952,0.12257369490573894,0.123016139029818,0.12233269794484163,0.21182982346764348,0.1578301083290291,0.13076778643155912,0.14152006242278037,0.1099229967338958,0.12909055428563765,0.12917021478818935,0.1460475445833021,0.16101348705862545,0.1689143216310203,0.23462900691069638,0.26002005379810594,0.281775743351984,0.2140074209729227,0.17839478059261815,0.19310105670363675,0.23065633082585052,0.2005200582637437,0.1458034060272828,0.1729303408291079,0.19475107207301795,0.23468102210765798,0.2254186949445289,0.2264465890924749,0.21999983254929226,0.2933828096109044,0.2956044449129438,0.27885979185378,0.19672328619652246,0.19982334845746821,0.1587140839856421,0.13220545907012082,0.10965240772476563,0.10478019441386976,0.11364518278448045,0.14298998171794208,0.14523894928513922
0.21139300305894868,0.14647433260208312,0.11288772427294658,0.13174825403180465,0.16952130239490307,0.24396338105706317,0.2989634294562713,0.19393855329626386,0.21581880497724737,0.20426177601605994,0.12798571542672937,0.12133849328349594,0.11840110905121587,0.10918112179381292,0.10495797699344964,0.13394157850363575,0.179430871168421,0.16486875442429577,0.15628822117036878,0.1715964575285716,0.14711466743414375,0.13242394015315243,0.11313664360894568,0.12335355827380445,0.1196252506247424,0.1119240050110854,0.11227175975250611,0.13717221536809754,0.1323683940463703,0.12827223359565437,0.1867071009567934,0.18668107353351365,0.15069412810914637,0.12840659773677524,0.1299145499643541,0.16463457064453585,0.1781771444360079,0.1343708422959331,0.1364371218544628,0.13478981803903536,0.12291424538189993,0.11762406780179879,0.13640850595477505,0.14166013746884323,0.13167829585504923,0.12378821528941417,0.1354962548089388,0.13251396848487018,0.1303730305442133,0.14838389975316962,0.11464970560262408,0.11959204454993283,0.14065929458679077,0.161658029909237,0.1535565694473869,0.1250381465758845,0.11073365883594957,0.1202267144747956,0.12565538227073508,0.12726205937100019,0.11976110030901957,0.14241893186107962,0.14257911488974973,0.12987372997284707,0.12612433487791855,0.11595243176694785,0.1197278114842204,0.1515121303558905,0.14987862220907566,0.15216791855495188,0.15294288520215435,0.24094052979241676,0.2287535156069273,0.17837057685190172,0.17903424680045305,0.1409068506753318,0.23269397820255194,0.17279495759435742,0.19922277924881687,0.1403794354932426,0.15226010558660552,0.17194722633499437,0.16035364745231467,0.1422243078308136,0.10570133738566118,0.13367454983599156,0.12578929616416734,0.11306688530346326,0.142846097385837,0.15548250880775755,0.12156164374287437,0.11041000511154435,0.11804824442717557,0.13017117328258243,0.12450542013274993,0.12906401130493247,0.14074078734338707,0.14738736813399927,0.1950326236101023,0.20544106614127206,0.17807033197848693,0.1572679626292931,0.1284862060764159,0.12498370040206488,0.15734714230243307,0.1545126062508273,0.14181124672095213,0.19480359784097806,0.21981282624789963,0.2389064179470148,0.2186218153810212,0.2424845183062385,0.24364941013246155,0.326309069694146,0.27697997467550295,0.28626807167186574,0.20093422683505635,0.21134585539095124,0.1919082756694424,0.15607574798489565,0.12225175012691444,0.10584767211641002,0.12046109784307404,0.1482877413896948,0.1603000496825593
0.1956001017794732,0.18536150702807092,0.15045007003660626,0.1522753629668579,0.15531645829517854,0.24497567419236688,0.2638355644012138,0.22750989738054347,0.26796640585182263,0.25910016656401813,0.1472887819308002,0.14059903936335366,0.1336076729741659,0.14491176968725689,0.1280108525225036,0.12710997618178677,0.14913039405317094,0.14604503375435557,0.18235850225292638,0.24923967583197085,0.22576410831407207,0.15999107835982074,0.1323645969528936,0.1299848955993695,0.12428415370772522,0.13048632247955383,0.1168752570934792,0.15473279006325905,0.1417344117341728,0.13190471136292736,0.1303891194954887,0.1742328882356932,0.1420330815233261,0.12070039361727761,0.12236138043953716,0.1392206281911469,0.1309347483725908,0.1176019985882995,0.12754841483530013,0.14519980718791656,0.12119103812034737,0.15311088732225953,0.16120555402890102,0.13529832508279319,0.1309743114439153,0.12088489787168274,0.141764506080455,0.14188888949608625,0.10840822101359222,0.15063380981400254,0.15419827482629483,0.11818868450390922,0.1156925580296875,0.14835517684510136,0.1562291701163055,0.1451511160533146,0.14513863919956888,0.12062701138067165,0.11764238768136745,0.11433399820259862,0.12141404181486992,0.1370740391674985,0.12506194000739962,0.11920770823180271,0.12863837915786797,0.12001177993258719,0.1003955073817282,0.11333243643647839,0.13721256519900518,0.14304877651824385,0.12745824941491019,0.24177091500750497,0.2107225391312283,0.192659645864781,0.18622613916376984,0.14337111239181494,0.28371274878603014,0.27769072493443836,0.2697925897970363,0.16748972658630634,0.26663516699720935,0.19937330519644297,0.17318069998954944,0.14930422938410756,0.10897127018692332,0.12209458665843777,0.12799205925443402,0.1390525313842763,0.15050153481477768,0.1433798591484015,0.1334447650837074,0.10929778010891691,0.11577316123903782,0.132072966361236,0.1662488108138112,0.15034096677615347,0.13228729610916218,0.1552954666461499,0.1772908535634002,0.19139149497507538,0.1710404174406875,0.14327341131475618,0.11781673336495746,0.12865340176353404,0.14863294635400062,0.1402730896465604,0.1244437321152764,0.15314185559005378,0.18209338070422348,0.18248817123098043,0.16915468367527997,0.18986447292779995,0.21122600987217988,0.23275041751207762,0.2061136422221601,0.2244255949326653,0.15640356992534293,0.1801895928147589,0.18023483197910062,0.14679777486332263,0.11950895657897401,0.11427691321597466,0.1257196692529904,0.14958699086208785,0.16090395608106745
0.33503683467423956,0.21911832168770745,0.2721654624105958,0.24571403819524357,0.24365402101604056,0.36594085282980915,0.38716027376843587,0.3005787425422809,0.4533463442960712,0.38289502455502034,0.20043295655567922,0.16713503395446044,0.138608031110467,0.15942772700713065,0.13440811830187238,0.12425264848976772,0.12951194541859323,0.13684500522970416,0.20798999775976723,0.2912798637287117,0.275546028457109,0.1984834574006929,0.15655081557084316,0.13373854145833952,0.12327672217985408,0.13939104692889598,0.12292839422172194,0.15588930685596036,0.14883284996100818,0.14705718535882079,0.156174547018263,0.18321084552864725,0.15134401618459453,0.13260006199560004,0.11883615815512458,0.15044752930382266,0.132154425200724,0.11097026425055587,0.12174153284593894,0.14713908578494655,0.14017035364147842,0.1533551403431024,0.1578143059391593,0.13742686483733657,0.13032308584170296,0.12471101718790392,0.1432706637201633,0.14055045251704268,0.12752728254581794,0.15042074965145796,0.1955855933280844,0.1407739191571339,0.11568403547401643,0.12951646776538805,0.15529433206338306,0.13643373958699753,0.1349179171581409,0.11927947357497382,0.13351700080954726,0.13910333945643935,0.15280943400274505,0.1500540910480853,0.11880103802255838,0.11693467227359541,0.14158777360744718,0.1447334572477532,0.13079049659530162,0.1107632882743432,0.11525989807980785,0.11027220978656992,0.10904166038163074,0.16050977899496321,0.14817351604556905,0.16834008083718782,0.18000139908889304,0.1674021215419201,0.2939761666904661,0.29571963572226606,0.2623871435982187,0.17289268056969959,0.30024212214463397,0.19980337111842647,0.1607804032848696,0.16358271898236096,0.10903933369947291,0.10059193511524545,0.09507230234582033,0.13701683481938143,0.15409643373493262,0.12522010130962852,0.11466087656869875,0.13106545794608387,0.1471646549985636,0.19570756072694662,0.20741396563269954,0.18075373632656225,0.1302826046134874,0.1359277544636146,0.12770404700542906,0.129503960691085,0.13520207862667288,0.13129008205558124,0.1279286876969269,0.12900452737688772,0.15223266673790614,0.1558841921905642,0.12273007660175211,0.12176798460402474,0.14758508751395158,0.14442877256898945,0.12299495210121586,0.1284229724893048,0.1593219529829905,0.183065716174767,0.1703565580968343,0.17145130450331753,0.15555042417138643,0.18255636175862056,0.15880292912840027,0.1609071778406822,0.16270391871355538,0.1449768763724994,0.17683007663477962,0.1900262989917712,0.2239593808969198
0.38330413761643384,0.22340053451369418,0.27354148596229927,0.23210486289320892,0.22104071850467633,0.2934643953306736,0.36147127847546245,0.2608045620935264,0.4079252378486241,0.3363127329513195,0.20603106401091914,0.1808430600390929,0.13464781623034922,0.13393968658691735,0.11937070278796966,0.12437294806909654,0.12275470623304466,0.1311609395788832,0.16270038357810918,0.19685661086060585,0.2117533607357897,0.16216193135737716,0.12298470406187512,0.1281124422044611,0.1348274687391552,0.14208440637835212,0.12529069101657947,0.13064190089843594,0.13506589103561004,0.14478183182289456,0.13751818519139347,0.16332512851983258,0.13816384223099948,0.16253864332632864,0.1507822156210522,0.14873597097969635,0.1163344425312241,0.11735036391801448,0.1317193628313333,0.1394976275831919,0.12142179587818236,0.10788437718775257,0.13525169780593915,0.13516214432592016,0.12698050453313164,0.1125501984714739,0.1345011315729939,0.15989286127094904,0.16894600225875822,0.1556233644104599,0.2128649149578113,0.1570393697226889,0.13728188424101795,0.14316449973978623,0.15790351154639568,0.12918786198651355,0.09333404182207594,0.09890710925708267,0.13650613282960844,0.15415570405981033,0.15831729105683628,0.15202847961437138,0.1434568464687893,0.14551944552618082,0.1318072837784125,0.12479139230238803,0.12844161727604247,0.10916285658493369,0.1133187456902611,0.11541990884075357,0.12162991127684158,0.16720857074544052,0.17080281162556873,0.1568690968415979,0.17054946367528015,0.1772285793344488,0.3138461746021802,0.2533963190791617,0.16886828035116772,0.1862930449673631,0.20116609088092868,0.1976647307980022,0.14892268878079157,0.13611787984991358,0.10869562396287955,0.17435623556514612,0.1484464009051616,0.14373478601744433,0.16958818994528835,0.13698127511531535,0.10566650544752731,0.12498787635337813,0.16141616363707612,0.24026119757565217,0.23993042080438554,0.1909305656550337,0.1291823529238255,0.13880409425196683,0.1556627406090743,0.1504926558639943,0.1310301802966167,0.1878941063449649,0.199174404401935,0.14224756624649576,0.13426463653987214,0.13329210340188893,0.1176247793316673,0.12287028782818823,0.13420171673123032,0.12853115923311073,0.12590436366062308,0.12902464194799979,0.14881299442801227,0.16076373148329684,0.13185215605616454,0.14138967937266622,0.13684684959485705,0.18082998415484997,0.17091369659078104,0.15892203573940375,0.18510445013382526,0.17264423747500718,0.2277454178481726,0.33329057560799,0.26480874768031654
0.28138104546574705,0.14094991253530964,0.1860698215085917,0.15190117396011915,0.1382540514615253,0.17712664033928924,0.18237605750375907,0.18249680708488927,0.2299331565763697,0.17861111123675405,0.14271984898918227,0.14964838810088799,0.1262856338602868,0.13677427077494053,0.11764939415760071,0.12888995721311533,0.12473215753567123,0.11993100858487059,0.13440520576725162,0.1591833326774031,0.18522780124577565,0.15019457013081428,0.11850165987784053,0.12928952034913208,0.13393944155462995,0.1311993076476035,0.1317918336697424,0.12635147944577652,0.1373446972115555,0.1437859360867475,0.13427497876264138,0.1518718840874055,0.12068093969321193,0.18766493151597952,0.18118695627054357,0.14201667141090163,0.12036655409423935,0.1315944263874237,0.12735989201484924,0.13696135919132338,0.15909683767703453,0.13809151345775791,0.14632703572653916,0.12761115289928132,0.11950089895933988,0.11844137294918324,0.13329365840326657,0.13626112087804826,0.13831538665680096,0.13218728373276584,0.18284819056558704,0.16108705085382383,0.1404498285314885,0.14315234880262612,0.1692432718696893,0.16406216656194128,0.1056475256474445,0.1058567264300598,0.1298113079796266,0.1464940266823656,0.13613903898005025,0.12387972500900483,0.14283049972942413,0.15792537159187875,0.12789929186047094,0.10658633038387423,0.11579030004210611,0.12099646759385307,0.1271450015939105,0.12853042170529363,0.13912058533568977,0.2152056445252623,0.2032043531943205,0.1621230234823821,0.16891499620724498,0.16181005310313457,0.27310643925605815,0.21496985430306897,0.1677473454301746,0.18536007001995686,0.1749766693702079,0.1840113294445544,0.15970973371763084,0.15164428955390602,0.13016439797113938,0.18923215506099245,0.1755199575357222,0.13432687765788598,0.1584618501040749,0.15526852983562503,0.1312523449968449,0.12525246248310495,0.16067950416661386,0.19953781807074172,0.17329519599500814,0.1616584803614852,0.1546515318759099,0.16380980260046968,0.15150239389368814,0.1486117436528309,0.1434190870744731,0.2190126373211925,0.23509035597074104,0.16111548177436702,0.13518738339683511,0.12021560127899841,0.11555953453968942,0.11780431230489309,0.12412185243299681,0.11833918805221014,0.11653684072385367,0.11706815897834769,0.14610335376629982,0.12469993187009523,0.11522081671243027,0.1564834750761655,0.1394240949183365,0.20421526692998482,0.22097272542234891,0.1804984768636967,0.18886306002494938,0.22275184930850536,0.2249684940013787,0.3682966020384074,0.21337084253302938
0.19574093659487396,0.09483704837816348,0.15183173197622146,0.12391885109548113,0.13835259111937093,0.15497437665088867,0.16273602019611783,0.1683529357382545,0.1892698787201592,0.13699431861658193,0.13073439628401284,0.1328484184389902,0.13088274823246202,0.1481614416340189,0.11951717054120048,0.12885822165520286,0.15158847318414162,0.13879103365332382,0.13730799642076413,0.17653149082317549,0.20653224909817905,0.1910541496791125,0.1383667036747019,0.12186069145294057,0.12209576002123311,0.12087894309792127,0.13271636909149342,0.15941892787812212,0.13961666535798187,0.14203999297286216,0.15548749922674138,0.14157651833441462,0.14285857433613897,0.21505921012326995,0.16449809161025158,0.12482655132608958,0.11331893149133937,0.14974559330743648,0.13398345656663369,0.15551065898069769,0.1655584607319063,0.15292211898359293,0.15743781342934227,0.12286278869522871,0.12560915552007895,0.11229269286550485,0.12329036237707494,0.15934436960280263,0.1457923863287423,0.13181578336922056,0.145150816252771,0.13291635968385998,0.12597919325297482,0.13717369628192222,0.14130255798756017,0.1351247086065075,0.12922469448535695,0.13231393572236663,0.13333758532821122,0.13485121237159103,0.12111249865303339,0.1259434676321886,0.1276280083326423,0.13936234254255708,0.13756439934859285,0.1188657155792909,0.11741317772145651,0.13372444178776527,0.14128431302891076,0.14582390357066352,0.14517450303629192,0.22158352072059645,0.2080241194144444,0.1745879383081846,0.16743176930575487,0.14506815649860216,0.17860811425505407,0.15184757851926262,0.1178299619109617,0.1386942633710874,0.14227079779912027,0.1467669272649844,0.1626755574926746,0.2138685131278804,0.28831371867747124,0.3188467367192786,0.1744720570719185,0.1398605987675708,0.10638535276058314,0.12085998919068519,0.1417988226047926,0.14284646657763753,0.14499575435303722,0.13503052163010382,0.10414004736888086,0.14927620710751985,0.16987711227463903,0.15287350975348882,0.12906279755946784,0.14866019827053184,0.18479434559298386,0.21959973690776147,0.1901303575622582,0.14633458682332107,0.15331538009827794,0.1464946944663488,0.1409664660549604,0.13427374771031836,0.12928885074256058,0.11067059993487259,0.10763855372793063,0.10213620363492341,0.11226027963359847,0.11837576441603513,0.1173812219205844,0.15078498509123656,0.14423138156419196,0.2320210394118371,0.2352988795953734,0.21010219556484722,0.2636155285389894,0.29212090452601663,0.20869323868533474,0.2515748626463575,0.14913361833318034
0.1435311989204276,0.10334420437766743,0.14681099475809184,0.13043813365755186,0.14726020965310133,0.11913521413064815,0.1536135694790765,0.13759736099743197,0.16285265024013723,0.14385767457723977,0.15230814633744863,0.129789107572282,0.1328260514356392,0.1322646355116611,0.11079120561451919,0.11764151560616048,0.16018351354931853,0.18995659609013626,0.16747700148130704,0.18333610546814777,0.20361743549524733,0.20464686222024414,0.15392560660055882,0.13641486112891826,0.12933252708511545,0.13324221021019925,0.15442792616757678,0.1692579191809928,0.1178482765286966,0.11304486008790032,0.1240383822983217,0.13202945668253244,0.1303933056654562,0.17431660889569628,0.13134489680164751,0.11638618698838363,0.11280866903325434,0.15131518418490308,0.1324744354611563,0.13842048334846685,0.14874731243803774,0.1326862443236166,0.13477231507001558,0.11327236096232579,0.13641012515139977,0.10834058717675778,0.1318683424608338,0.18053803959910233,0.15161985142985196,0.14000688133423933,0.1299204951560775,0.1108874473568481,0.11643916863133368,0.11875620072388937,0.10099194069215386,0.09859469477491317,0.12186000636153607,0.11865858062111714,0.12196582275263557,0.1406997315898907,0.12948019480454093,0.13534569043091635,0.12331292379099303,0.13277681414087128,0.15628472195046728,0.1471433116891449,0.1391567621900665,0.1325581757187357,0.13266447497134604,0.14208892411253113,0.15328149547924094,0.18799560033216944,0.1750795727031983,0.18489192178750494,0.160562445216024,0.13080343643662215,0.16044497254858564,0.1571812116117686,0.10168712416120378,0.13120300498679177,0.11355012645818494,0.13745143588442935,0.16607594710086723,0.27736353326852203,0.3617170480240969,0.3746706906749704,0.1814767595703613,0.1432122328511562,0.11705322632426277,0.1125201287589238,0.12079116595102019,0.13223032669054868,0.12184924230309269,0.14102421033757903,0.11077488624876039,0.12794608250013217,0.13138187620784997,0.1322421938969367,0.1547010427645559,0.1705935284679007,0.1820971536211996,0.2221320083819387,0.20360870683387683,0.1454729881577232,0.14189365793200437,0.14571779987342343,0.142977499790365,0.13620908962284872,0.13061939163552,0.11831891114289324,0.1250712048559959,0.1115839957855592,0.12433928495551165,0.13987238307393096,0.1252566221661498,0.1255570943242473,0.12649650371548743,0.19442475305426993,0.20573494732944453,0.18015103116953074,0.22414205740781132,0.2653237493568996,0.18057750787102445,0.1930121814203638,0.11023531107452673
0.1226647817845693,0.16237890640179936,0.16744853320276437,0.15337978299178123,0.17226797227519203,0.14275495832811588,0.1642548684508032,0.13714231962560133,0.14502158570129814,0.13639777615965099,0.14848075541580014,0.1279808225749455,0.15152427082220105,0.15824109939693587,0.13735500158596542,0.13368404621634672,0.16733256849793016,0.1988379897548845,0.1703322839960647,0.16394333432903085,0.17490189367710585,0.1805059978631825,0.14767748024227217,0.15100404594847777,0.13817310656468185,0.145373135311316,0.1422730191409871,0.12666639826370274,0.11525625359976369,0.14450103964575475,0.13797233159631106,0.15040405827280667,0.14625445974785156,0.16294214840678792,0.13526930134448334,0.13387250439602608,0.1667168916886209,0.15197560859039194,0.1233234194050727,0.11768383533361576,0.15753473394397305,0.15199319389326674,0.1150187565707351,0.09478969662726944,0.1195761304963098,0.12239445318728451,0.13644032008204565,0.17248708439753976,0.13115387077733812,0.1458566548948319,0.13845264250648281,0.14066152475167013,0.1332988317361963,0.13229500413448544,0.12262290887218283,0.1228043886011295,0.12119234387862235,0.10606462322281354,0.10469437402340298,0.13247662383008485,0.13134791268858825,0.12355902947580567,0.11267718841428362,0.11455131746504209,0.14483825284983676,0.1743134681054746,0.17018689473724152,0.14335256828119025,0.12897153089835442,0.12300768302673007,0.12799166170538578,0.15064579525453242,0.153573573213124,0.16273728830341894,0.15793613490567388,0.14681720022934852,0.13522632767633447,0.16409810214477435,0.10980464510958357,0.14798341516894692,0.15657773612014403,0.1484923459083974,0.1942710762830855,0.28895227147228914,0.37419724043854863,0.2938232534369637,0.1466357782084352,0.1371635984660692,0.11950892163148935,0.11017960242342115,0.1054810372470017,0.12304339014101587,0.10685999161049616,0.1399504979517608,0.11816936570091263,0.11064169853021091,0.11012502258608639,0.14495600570663017,0.1616757880720211,0.15725742860763903,0.22064123082497614,0.3064840257333078,0.27590312016782653,0.18027516047443337,0.14774219198703065,0.1681297011975097,0.15521117314649424,0.13993603002600644,0.13222514609691566,0.12110898634839158,0.13046357356754001,0.12081006259961594,0.1488882599830494,0.1451403027751873,0.1275628506347629,0.1176825925016862,0.12252354137767049,0.15560120965317586,0.1765056798080884,0.15239973550086042,0.19918644864418683,0.1999024155657016,0.1466680117468054,0.18520586936280836,0.13864515531298402
0.1370919462004812,0.17558084758679005,0.1537187827847336,0.16614638778008955,0.1862488036672894,0.1618401424201032,0.15234102512462822,0.13450151415228184,0.12350791625960593,0.12964828155541175,0.15463709116809976,0.11574665289046843,0.12959784339371444,0.15512957202922423,0.1460573918408718,0.15006007968065177,0.17474882088856206,0.1849295402378843,0.17587014570809512,0.17643002580965444,0.18101003091376766,0.17667757453086025,0.1680069167531305,0.181036603231906,0.15274247938317387,0.16232842345857154,0.14699778978850742,0.11458219852318502,0.1340200445111498,0.19605222041695317,0.21630569761655144,0.18688702864852055,0.1529007848703337,0.15486977872538216,0.149347151438889,0.18520889852343037,0.1936744289706369,0.1424854156342694,0.1450575964460731,0.1367509882060415,0.13472729887133583,0.14387432953793325,0.1312847545814095,0.08883726868280423,0.09616543433955252,0.10810408489998061,0.1172104924506308,0.15941211468380556,0.12111783450567472,0.1336787632593991,0.1392991486373497,0.16282205323653087,0.18073356847832386,0.16587174360702256,0.15347419482425115,0.14859942664305167,0.14356251896054156,0.12297135598229718,0.1183888156242512,0.12984975417844544,0.11730254121098913,0.10597643108806928,0.11666064895928441,0.12329957284146043,0.14475300404903088,0.17614529748774277,0.1643561537255485,0.1357981866625711,0.14025933639157578,0.14001778552431407,0.10517977067876937,0.114510265122513,0.1307467113306205,0.11730478481999912,0.21536888118605052,0.21229767381065592,0.15102734080255775,0.15812993318270344,0.11277138813461526,0.1355129421407429,0.14842747619172963,0.14272302833447603,0.19532642336789727,0.2273441562621376,0.31634869620628236,0.24093252854386743,0.1335673857523782,0.1362791814585001,0.11290794644622636,0.12394122920085587,0.1223726791383137,0.13001418960724406,0.11513813931951172,0.1433914190987267,0.13758094786374414,0.11212521465271319,0.1151993716192079,0.13106956337372222,0.1427440888308909,0.15365116499864526,0.2613655702991123,0.3931610408373074,0.2990246575385842,0.17670252576605475,0.16530999065456156,0.17061712031542003,0.15602887625463002,0.1570739058455174,0.16530226036729176,0.1523894854456745,0.11825815791402575,0.10575058078700399,0.1333357963147085,0.12660324478042803,0.1300645898126799,0.1279108918239273,0.12840127200464402,0.1596801069816006,0.1272934567000947,0.11881900918468993,0.1593280636945414,0.1590915822926723,0.14207462864940365,0.16017617176231974,0.10500219516808447
0.17106217497247128,0.14530212301572779,0.12482275905840601,0.15470380225121916,0.19575631522810627,0.16754099876337744,0.1332114413452017,0.1377146370798887,0.13259937831138535,0.13340978523171376,0.1522100395866841,0.1335758509484788,0.1582974906214908,0.15950755296849273,0.1852594606296158,0.23137323295715825,0.20537292307746102,0.19015253157620518,0.22947678147654077,0.24439551804429016,0.24619096692951184,0.23251302458206716,0.19906552316913795,0.21276207590321414,0.1707059779210551,0.17878683108971932,0.17608670791525638,0.134713840016542,0.13908630358830065,0.16220883508071304,0.22297600596951034,0.21425038348454095,0.1616839470380758,0.1522168857995682,0.1837845792317368,0.26089848095514834,0.2292440222163668,0.1386294523769508,0.13574143033568958,0.14373924953042788,0.14421449837535313,0.12691313661379944,0.17470961281397995,0.13855055310879713,0.12125090256695628,0.0929565722862484,0.11979843829104264,0.13475800686137226,0.11266029480175459,0.126733416011263,0.13617808862589595,0.18213627342451652,0.2041347798817249,0.1820688140178688,0.1979671341767968,0.18867355332088434,0.1727355000390971,0.14194958325702367,0.1289978969730537,0.13340722857495288,0.13552005873144046,0.13448312102626364,0.13661183305566235,0.1398256517062002,0.12781725647914968,0.13294062009830712,0.12949508095177065,0.11750098455130899,0.1434220011016672,0.13846715248394875,0.12389671683073424,0.1361177481792485,0.14186856689106503,0.12306821160598186,0.24743016964314882,0.22484718159935307,0.22963185655533366,0.26498890029491545,0.13728530617198217,0.1542777184227878,0.15458925646065436,0.12756771439860953,0.2534813221763478,0.22729843361592292,0.3045393166611938,0.2998364519546426,0.23204328997994667,0.15836976593803348,0.12049030961533885,0.14379590583395085,0.15214639243973493,0.15593795497678115,0.1689643344634642,0.193206410445159,0.17693038777806638,0.1248392702550523,0.16005293577082008,0.17028833910570432,0.15664039240667055,0.15590642905371543,0.28972574563217884,0.3998245968837436,0.26509757635272957,0.17597753654326018,0.17431604568410086,0.18573887813070888,0.16641273749109592,0.14660189039514493,0.20140883182900812,0.18698636832445925,0.11032524744645426,0.0941765212001831,0.12426470152226442,0.1275472174311598,0.16390779724685003,0.1798622764474219,0.17717557857344146,0.15020643046673704,0.11386295929367991,0.12218788168304237,0.12657920926402444,0.13162452078844372,0.15403498906434931,0.14969264023761086,0.15243347653861278
0.17491556233661856,0.1443402817812619,0.1128528329431287,0.14780648563641857,0.17609405570729367,0.16748158301547159,0.14246185606520193,0.13763019426178175,0.13429152975831762,0.11376455605532476,0.1365824852005044,0.17766946410941817,0.2362823126252549,0.1938405891377063,0.22758704035063965,0.25750335246506345,0.21841775938318392,0.2392692017262022,0.25593253294215107,0.2397841965628359,0.27651678295751403,0.29062606773111765,0.28012862475901895,0.32245444404259477,0.28307867504347806,0.25339373475932203,0.24833451520509148,0.18221452941309502,0.15069741966616354,0.18118097946823636,0.23592331740194228,0.24629279774540325,0.2161015361416651,0.1998612282179594,0.2537957981690771,0.323958141182781,0.29546501541121983,0.15312975731306455,0.12804801580473588,0.14371865077068666,0.1498587329814739,0.13133995730411407,0.1803521127604085,0.1439194233508159,0.12427275004098182,0.10361651885265433,0.11186459729102098,0.10801427408174996,0.10513152948908018,0.1341491582561829,0.12825631556040198,0.16122340034432275,0.16950367183481851,0.1634920141755408,0.16368587179438107,0.16758756771488165,0.15559275651403753,0.12528227188436455,0.13805801404721518,0.15544885235218228,0.1870624617814386,0.18609480960705196,0.18077370972421955,0.16759306894597323,0.14534395365802877,0.1290968790205031,0.11069953886255561,0.12452700953259108,0.13508629174027176,0.11585213694593109,0.17398651397792908,0.1757859437290422,0.14962739290100172,0.1365763389065417,0.21524196404171186,0.1584310152239269,0.2683746779580799,0.2781818625390805,0.17911889148184584,0.16609695488956205,0.1565374576398107,0.1341648152420934,0.2281215837175422,0.27028057005631995,0.25507238770560114,0.253954644954724,0.2565640933049473,0.1822179935053332,0.17569529087601207,0.1502030233617597,0.18402739765903664,0.17726762494539955,0.18224134449615875,0.21626703589627275,0.23156513333665296,0.20184900834749545,0.17735209071286628,0.17210124196322613,0.1614573179126533,0.17245351150335025,0.247271989606706,0.2805146979428253,0.20136747780642955,0.16385767326803535,0.14923647544983615,0.14336387783709925,0.14266541811583078,0.12612602053601213,0.16631120072860672,0.16464219431174332,0.11349096828076563,0.10372704685711553,0.13597066861730914,0.12826234009835083,0.18111133151961223,0.22912973239781953,0.20487746085816186,0.17597771289530512,0.15286038317405093,0.15300145682417982,0.16209067207412506,0.15748822616190566,0.19198298072377873,0.19199072066881312,0.1876441694974503
0.23245830314662635,0.15220415694504125,0.12273428528369619,0.14634165835021015,0.1606843143113814,0.16812050784151447,0.1791295077755439,0.11925525703153533,0.1394648778945186,0.13193701065328198,0.143386483016953,0.1539487794742028,0.17747721459606303,0.1779066891447843,0.2635862276565212,0.2632002939671526,0.18731891652365767,0.21951272190028054,0.1988229613405114,0.1580798129119011,0.1804527251421465,0.2041947439997648,0.230234630581635,0.27526700000626364,0.25949727016399693,0.21433829739408333,0.18767669564206219,0.17690874529818107,0.15430042802867205,0.2050534633902022,0.3059264350973275,0.26979404055770106,0.20191838413362434,0.1843266622455697,0.21384465808092773,0.259734352518568,0.24011205152971776,0.15272951333446616,0.12464763636047409,0.13901082915579666,0.16512216466665222,0.12951545504679712,0.18544896291144936,0.13260065313792962,0.12552980973976235,0.1301177433896007,0.1461173797658599,0.12390472105106334,0.12035866030347804,0.11173926196769692,0.11512266558672835,0.12220500662476276,0.18446762311332746,0.23291013305417568,0.18724556066035586,0.18980614038112098,0.19243309458563435,0.15897418908604513,0.13094972799784976,0.13186268179135818,0.14918484050313371,0.15454747078742442,0.1778011188728908,0.1773557162497197,0.1547919501292349,0.14881256789394887,0.1435829685656697,0.1508244814840463,0.1401180537024948,0.13027909650476388,0.1751286507082347,0.16414692230201175,0.13538047321015248,0.14229733188483953,0.18185243853249888,0.14755617589919562,0.2698995703149887,0.2705071821272095,0.19289238134979286,0.16615664114783874,0.19797719672889244,0.1953111117634326,0.20530561410830128,0.21034606220168914,0.19091442361477878,0.13887321388898866,0.16632947901187634,0.16108827320705948,0.15106963939046653,0.14237093338579299,0.20678789268049833,0.19348780548987243,0.2526072964133267,0.40772356401162363,0.36726062637493034,0.23442472781943213,0.2010034245180779,0.23076878437905982,0.1999645847885342,0.17685639354155924,0.18759668063637586,0.2368431645150399,0.1915061157645378,0.15708163200021003,0.1550031922645792,0.15549358090637755,0.14451867248512482,0.13921630820263134,0.1847010331696272,0.1736731354471212,0.12183028634789336,0.12319141427446365,0.13131361808900804,0.11558366564422846,0.15868706625535192,0.20421207545301268,0.2207301321352843,0.17695714991644373,0.18144387208267973,0.15068426979184768,0.1310437608501026,0.15172977219941897,0.1652134911244692,0.14670289473389495,0.1626583956208108
0.18767527673089637,0.14829207069322825,0.11973970070232279,0.12394692724299694,0.13505067024959674,0.1357042204764765,0.18249544669386025,0.13129891904911623,0.13231567511099265,0.15106151101674473,0.16821262663367226,0.15371291033518442,0.15426444191198493,0.1593319119284921,0.22480304800903178,0.1958929945203217,0.17140776566857202,0.1659411226987137,0.1617088218674138,0.15033626432308006,0.13706109830879318,0.13627608043142286,0.18219180893327586,0.2094665597278632,0.20388357903348886,0.19135624964062414,0.18430181607006263,0.21888117338751972,0.22165966571429296,0.2842866754742799,0.3139084481780161,0.29473697411438693,0.22949295405905334,0.1931003424932018,0.16820183524988763,0.22322333733431152,0.2201302769796677,0.1541067728807769,0.13958982221084704,0.11214522306691257,0.13352137251654647,0.17202926711737584,0.17363301453327334,0.13475240243349865,0.12639063340644485,0.16672906408733099,0.1403459237794173,0.12885153771491611,0.13332945073406494,0.11036763414713097,0.12396746406438763,0.12014576881787276,0.1666120811966463,0.21576633287092098,0.22633893606413175,0.21113375319913813,0.25464108719158085,0.20981730344758104,0.16024837194906744,0.1371206732988381,0.15368761730388722,0.16947819389323204,0.19925273889959066,0.23251937916074858,0.27525680849181344,0.23829467465839552,0.15436423819178421,0.12319140236650027,0.12800999881319924,0.14933003869776001,0.1562521207592354,0.14542757055809394,0.13726816011288762,0.1343246142586057,0.13201447680945194,0.15165475935301628,0.19758320926080597,0.17336385993034775,0.14167876823407577,0.15414090006735387,0.1777836959866323,0.1705895036384717,0.18881082386447204,0.20004650809278263,0.1619500834606144,0.11684252915767027,0.13394826696898954,0.18118271582812173,0.1823178482691239,0.1448181223255599,0.1812145485886617,0.17124708003963962,0.21533958777095263,0.2702561041700756,0.24746797162990047,0.15545109061199736,0.16104154260161674,0.2034809294747742,0.1831782325800821,0.153383035731282,0.14911248501236904,0.16902018231251092,0.14972180715094421,0.14967529432811633,0.16815774875879405,0.16847199512635047,0.1635032229971634,0.15746427971938676,0.18822365710882633,0.1819222653233067,0.14679587309517853,0.14631151574793036,0.14802966785605817,0.1231249312612811,0.1523287095733556,0.19662072405093614,0.1855881004404008,0.16321506438923153,0.22281470311524826,0.2106970645721864,0.15735881374819835,0.14669014998039231,0.20104207754575065,0.15874365087383976,0.21465153151999844
0.22452350035590224,0.16038424066663906,0.14096149004652175,0.16457889212752141,0.10782232750999841,0.13191932396576245,0.21319971080237257,0.1702408631539551,0.18958821559773317,0.22636453457635164,0.3209422727119222,0.3126298327758481,0.21090081509120862,0.1765206987312489,0.19012381875859308,0.15409055080551193,0.1443295151356183,0.1338274422999405,0.14714013350638064,0.14096927999256786,0.13244617822925503,0.147712610010474,0.17766692071122497,0.19604995932909086,0.17777090116466285,0.14506889482662821,0.16145625343485726,0.21425044515745909,0.20963698975918965,0.27422759602169894,0.32135636492665964,0.2558042115322959,0.18092943677816725,0.13462520437239225,0.13100906962058484,0.15555622733530014,0.13822883121931634,0.13248873937201294,0.13003067403151392,0.12151871881144034,0.13802796990361738,0.15218859124540882,0.1544168274712015,0.1202290475035405,0.16653377056350582,0.2041808613634618,0.14149500175235002,0.1379791104752699,0.14814102655149305,0.1195924806612707,0.11183068706679963,0.1253576264705587,0.1460868342862245,0.14549215689507966,0.20271764212317933,0.2417228926136004,0.22916313109728742,0.17896425961974377,0.17783869795960236,0.1535839661369055,0.17561880496175847,0.19927030409000412,0.212277764932631,0.20782675094512384,0.24256052659780536,0.2296273282134027,0.1604740164445964,0.14467180780641253,0.13994300996366826,0.14993085762050204,0.13838651305269795,0.12671551754817365,0.136184852761581,0.12604424980776627,0.1255521636646956,0.15261049233797938,0.16556863566950925,0.1715386093015635,0.15345087296648685,0.15869369071008335,0.13954169356130824,0.1468677488259403,0.17266137265914203,0.18918828059701454,0.22771924425637907,0.17523339553076472,0.2702560267802949,0.30133478484600823,0.29648350227561837,0.18922549334962485,0.14496620933996918,0.12910403188258468,0.18569246932822792,0.18965663194079527,0.15306018337629584,0.1395993702317797,0.17685780939576387,0.16734653912652597,0.1488786290638644,0.12854243140720248,0.13866395170356452,0.14368722083100344,0.11290864390152638,0.11398791119886441,0.12820798776698855,0.13373946589733626,0.1539153005894845,0.14304734880717607,0.14535492900635916,0.1431898552432145,0.12721364937641913,0.12629182062850944,0.12070685395482428,0.10778147208066138,0.1597565961602619,0.17505608609781143,0.1426557329348012,0.14632529539541766,0.19203984303309596,0.21948040643408545,0.26413306811486464,0.24722791711953568,0.24753301958526436,0.18462179945577378,0.2571168338291058
0.13922637690153256,0.1556857716478047,0.16516674392069988,0.16267839376944185,0.11675753926302933,0.14147343608443788,0.17669954039574923,0.1558196395269936,0.17810831487767326,0.17710176273310282,0.2686037522455593,0.27118225806132734,0.16782783005624174,0.1683719028257623,0.19317307892560842,0.15172162282645962,0.10717513286490862,0.12370835711542422,0.14625910464392575,0.12425025227914743,0.13067866583297008,0.16125314670621022,0.17251827925617993,0.1751475506962718,0.15012748364049322,0.10979710784764679,0.12464623091438413,0.19429940618420602,0.18070771395756574,0.22422017011662532,0.38541317309488177,0.2456998402856027,0.16505405594582767,0.14449108592698087,0.12611368775929513,0.1285617573816358,0.13418552944000148,0.10553183081186124,0.12797717782254014,0.13693500870853656,0.1964932482753267,0.16598093265102695,0.18463363778474576,0.15546276111441537,0.15743977180856883,0.1726425651916548,0.1354911198150746,0.21077004329564344,0.19063182052550642,0.13526761076278446,0.1252461279799743,0.11394591824373547,0.13572472961120147,0.1581445735832535,0.19807603176408303,0.1955455617061489,0.1710438998590741,0.1399806266821984,0.15434536774942093,0.14809654106613945,0.19703324441367298,0.2346774759724463,0.2101083518444241,0.18654817713268687,0.23902720870738564,0.22058258312442416,0.1363825028406399,0.1408834292809168,0.14157855419112936,0.12305179423885901,0.1691459033282511,0.18683679701375294,0.18067756534971324,0.1539911468324866,0.1628389862095376,0.1729509830799552,0.27577223365743647,0.2433308601314129,0.14798168673429843,0.20282999021019477,0.3386440396882182,0.2331260028540438,0.22831128488637806,0.19000681510679213,0.20233850115357635,0.1800455602759207,0.251466407949226,0.2975710367433096,0.3083702296095859,0.1818719813175174,0.2027704421665557,0.17485460752070942,0.19460655953644532,0.22190230223712124,0.162951421092336,0.11411471077642407,0.12642869148700275,0.12578441329847406,0.11468515499022128,0.10885868303146132,0.14043681686797066,0.14236589399722754,0.10286230408756344,0.10093227260360708,0.11317962084157887,0.12875609300805974,0.13740116512762274,0.20729962599997376,0.20931685666259503,0.14858376066357817,0.13912382510512256,0.13919099343925628,0.1359413157793187,0.10493243792242603,0.11998911178947752,0.1279308718026264,0.11550588048723534,0.13137251242759174,0.14138542412201266,0.15291185845791824,0.15867876950367032,0.19062571484572294,0.22064797869041514,0.15728852523515197,0.17994860750187802
0.13970565665279777,0.17345785978697043,0.18566819475570528,0.19908130188073406,0.1536381578282641,0.11458520476649317,0.13194259352397317,0.16983093429083818,0.17200274776296376,0.1577879968431462,0.24731877868078117,0.254801733649525,0.16625069717117427,0.2090947998428719,0.24822387004595856,0.14514585011590933,0.1354640189802692,0.1654616214528516,0.16780310023473546,0.16975015607998933,0.16488152475763473,0.15579417813393268,0.14942772858038167,0.1459988776476763,0.1255285675810852,0.10724703811778606,0.11341671212632855,0.15535471955616598,0.15508984809054338,0.19661522415501773,0.32574619751984035,0.22306180178441853,0.1508162517593712,0.12550354917502404,0.11662582354069888,0.10759323417125283,0.11539471798491277,0.11613132375981883,0.1496781240093201,0.1408658727880462,0.22125212005757477,0.2659884496633259,0.18504123441602105,0.12353867516417842,0.18226501948231796,0.17479722434983821,0.11175935492530081,0.1448268432231356,0.1502842682507581,0.11611670755580539,0.1282253430792374,0.1231297438598831,0.12481529254729462,0.14029351486748137,0.1549948661355368,0.15304766996436986,0.1365754599776142,0.11995426701342882,0.12065258611715213,0.1148395418457449,0.1526526345483051,0.1833222558073235,0.14835297203845088,0.1549185040239323,0.21668524826165547,0.19664998910047166,0.12308156295760372,0.1410388362814638,0.131347782821789,0.14568978686696055,0.18710508445490015,0.2071852080928564,0.18076252246064545,0.15638540814194074,0.13401773479538434,0.16705712257682623,0.23099241923086203,0.25845671388764563,0.19087848822276304,0.20853222349056966,0.28771852891980554,0.22213772801885115,0.27313359431031226,0.19307788002662216,0.16051526215537842,0.13290002819553148,0.18649578132190409,0.19181910490803872,0.20102347347289531,0.14710972120911023,0.16241144130475457,0.18592544860103516,0.1786024677297097,0.21828652304270046,0.21806117252382237,0.17454805424942288,0.1231388822228822,0.11322674105195196,0.11240216401593013,0.1251465885657675,0.13852483760829876,0.1337560657637427,0.14242677948519195,0.11945410533534039,0.10137886835651669,0.11466023732702103,0.1352105073319329,0.20139275595617928,0.2098179907252513,0.22598518480687046,0.20648754723076018,0.1588318452461954,0.1358693960199605,0.1292836655241286,0.13399997207769587,0.1555249046924105,0.1282272568261056,0.11455273951279309,0.12695067475267918,0.1419941673166843,0.12444157736730585,0.14073882442630395,0.16378602259127378,0.1839972500578581,0.17320366421162137
0.30999247254996565,0.18598599607711214,0.17662607866344257,0.19842712703393575,0.16336384596594775,0.12964577746008576,0.12973417296701528,0.13795353098352603,0.15177260576080817,0.14779021399520087,0.18110135870055066,0.1838606740156469,0.17622264484427658,0.2720285464338015,0.2958618720650355,0.17498981521414697,0.144298868606925,0.1779444901186406,0.18961440408426788,0.19466519702785579,0.1562469148951821,0.13475092791741908,0.1707143218188929,0.18197075388412798,0.15792900542977215,0.12466695251451713,0.11783040718228475,0.19042025227942458,0.1913620795006682,0.27323377353597844,0.3067197147807859,0.1931331230661144,0.12325383102578513,0.10920562292144015,0.12741683033157128,0.09866100101102412,0.1229710903676142,0.12577832638222217,0.1255043083659771,0.11948263137894946,0.16526272998772448,0.25648393440756434,0.2149401949811917,0.1278720988112115,0.18675017360836846,0.1533717965221026,0.1318267305620335,0.15489564577699205,0.18901036841124644,0.12025770018945403,0.14414268828785076,0.13804834509475752,0.1407561961308908,0.1479066138476146,0.15500987547628386,0.14760079671944518,0.11552452380895628,0.11497683256911918,0.13195137030666199,0.1675689410858783,0.24560159613005217,0.233129245864716,0.12719241579998877,0.14691263911564678,0.165161373405176,0.1280886752585983,0.10333322029726555,0.13637747885211576,0.13837073899939023,0.13418188316739404,0.15931101077884174,0.21689186525034448,0.17125882386785676,0.1458674956795185,0.1167217250788262,0.1290611021197855,0.15634747664853083,0.2275179509767297,0.19033899587758,0.21872673045117208,0.4275701300918307,0.2678142058024709,0.23544931983976483,0.20788106485221036,0.19332176172661947,0.1279663918060232,0.1433293393444629,0.1350472251668929,0.18512193352321155,0.1783401197872761,0.17665816266647424,0.24465549344591836,0.2088436509235686,0.20859643539785444,0.2012916672944341,0.17053156967589428,0.17128471374363083,0.16802993787712295,0.15482525594359478,0.1215804251556109,0.13197144921858195,0.15912804325584712,0.17901558721274446,0.160858923586173,0.11667336292719718,0.11862603883248209,0.1351251239419908,0.19183629120969575,0.25877352563394423,0.2534297703975739,0.18199763181765188,0.14287792866893154,0.130071875163102,0.1283405247087263,0.14431753743555625,0.17449909810698902,0.17618267882798253,0.12791442981343515,0.15492066134531762,0.130735618502497,0.12387363528152022,0.12330547905734343,0.15201204089732515,0.17561059719255873,0.1436363725448161
0.34221750156875874,0.24099413400281824,0.22560648758013155,0.17370195838647295,0.14935288655907544,0.13562893253028435,0.13383852539809515,0.15184432649432736,0.14532754609397416,0.14679139631115543,0.24184408531177604,0.3033397773501113,0.2887174168082506,0.3650692623766832,0.30772097000044324,0.16112558010841072,0.11681758301335485,0.12105766731099343,0.13575988801055672,0.13733830413769305,0.11824622371934608,0.10927046338682322,0.11587803410423429,0.12053964602640779,0.11743006868139429,0.11059597408603414,0.10250092804118552,0.12462460271967532,0.13727502973119352,0.20130000609206766,0.2087222121670886,0.17084577505162077,0.17612255625227813,0.1434375343208576,0.15363437066150637,0.12789946524038975,0.10755854387585823,0.1239534955380021,0.1518034297205979,0.1362761437271044,0.14758775914799596,0.15743044787536611,0.17009604303238735,0.12649647539054548,0.2074434220025392,0.157894600669362,0.14614621892608956,0.20011937233195748,0.2254599372548668,0.16213082187617195,0.16012914554709834,0.1345073870510508,0.13614730028277242,0.15379618752827887,0.1794560376097842,0.14767963650119187,0.11667910576377366,0.09531836885960135,0.10800212796014859,0.14265726898395187,0.19308239805231764,0.177526796350914,0.12782408980161858,0.1480603914410673,0.14805141257813326,0.1335573101369928,0.10605424111151687,0.09747530581316062,0.10300314808089221,0.12211635905755053,0.15316031557672855,0.21970262931397005,0.1576450086220646,0.139612884936826,0.1273102431250749,0.11873470066336538,0.12368764760278372,0.14527564478682894,0.14020383097819267,0.1772316518008159,0.3074226635799051,0.2033785316978895,0.14844824147870847,0.15982732668264865,0.1865449168655059,0.1435827815435565,0.13955270576760667,0.1815904121954396,0.255678836089252,0.22537311930569393,0.21556113561460974,0.1548171257102154,0.14544185131669127,0.13714534020866495,0.1448465413658118,0.12172293308062834,0.1395272136931196,0.14997869583669798,0.14703497782807934,0.12937665140695748,0.14688281003598874,0.1950050286948237,0.1813592771708899,0.1495005977582466,0.12577003931925396,0.14158868711504283,0.1367982524447537,0.16246272832077532,0.24492111738173505,0.23252805346064365,0.1742324690131158,0.15175806112412624,0.13299848213305118,0.12432376847847906,0.15606300921181984,0.15501733166099763,0.19876199793066018,0.21817685880378862,0.15088870081243705,0.12910354950651132,0.1872782821515346,0.16157387216996583,0.28600728700448064,0.27322862520432695,0.3557348977935024
0.29474303406689645,0.16394029981380084,0.1476753402139741,0.177826720698136,0.1745221225178214,0.170850618132416,0.13679220475406922,0.1348747544583995,0.15928793146389014,0.1519350793342097,0.15541497579379765,0.18566336118024018,0.23249288685172365,0.3063708439210061,0.3088866936279868,0.18105091150793226,0.1271041516773035,0.1270474542032442,0.11188706785190125,0.11389774506578546,0.1352632477427038,0.12189434508380068,0.14594791542537927,0.15344639797172135,0.10784439149780928,0.0966508542506777,0.1081989884334443,0.12395904223780639,0.13730218699382798,0.12490827288895638,0.11722091945925621,0.13265613157456443,0.14231760307269506,0.10800415687575285,0.14598386051579434,0.12908378126995043,0.12697445001973318,0.1288716452407396,0.1829310104637412,0.21113568587557024,0.268867207372839,0.1777402581998765,0.1854002940332076,0.13112933889847653,0.22928807977926186,0.16900197001352954,0.1322413577849535,0.14741001954200988,0.18734506146951624,0.13926655196201854,0.14486098964945754,0.17719980287247575,0.2053247568098459,0.16278041915449867,0.14761747120854207,0.17483906052399567,0.13205150868522444,0.11191302375268489,0.14463705851650094,0.14797808423666303,0.16091466919876068,0.18759684144454833,0.16807405469087316,0.16811469953299427,0.17986622775183317,0.1719646691440662,0.16709423472789514,0.15958810681493424,0.12007678446647983,0.1184301767937124,0.145042900812486,0.19558528838215486,0.16650727230009502,0.1822331402128442,0.14076394268071266,0.1084519560413346,0.13880492694843574,0.17389008290439306,0.13328981957261876,0.13043973178007873,0.18721145022540608,0.15190131439049898,0.13022444585412865,0.15968042087367393,0.13457745321517425,0.17231676176731484,0.14318413853691303,0.15196887773548784,0.16857566155654333,0.18526800590995005,0.16848095166513716,0.16733336332040316,0.17225998917821325,0.14942256789053646,0.14810372866740734,0.14527988809614523,0.18002307728023983,0.188748678379992,0.15582538702478882,0.1380820833215081,0.15010625710034392,0.15519115098319416,0.13664458555246492,0.12409719426743915,0.136619938518595,0.14390014303869858,0.12212310116949675,0.1315328893751988,0.1586655300996242,0.15482311837584353,0.1615784109440026,0.15102677512161022,0.1329609326298045,0.14161362732255434,0.14113916168173532,0.1314885666840832,0.1886836995437836,0.16832669155369975,0.1444284858320821,0.12189576083086816,0.11964094526587063,0.11525199266431392,0.1588420885450687,0.2075133287004044,0.41152059341275493
0.2656968922409477,0.14407413527051896,0.1471111946461384,0.2149369068690642,0.12149252207197792,0.13230326507661921,0.1347047441267878,0.12855246329455883,0.15067866619529072,0.13713079593747937,0.12596691551716394,0.15336086242658847,0.1909729713458439,0.2637397255767165,0.30622095233293883,0.22662658150881249,0.13396594606801387,0.12810067595904806,0.11507002333384107,0.11175830586556113,0.15834441289004197,0.13676232533039298,0.11637624499719224,0.15566671797357723,0.14136052108236163,0.11157975873610405,0.09648272347709992,0.13360975317878115,0.14116706638634746,0.10647610113540512,0.10934312786415759,0.1307345806475299,0.11671143103401854,0.09859093923909283,0.12638669201954306,0.12455149738933755,0.17632622909992,0.1580356532228888,0.17580025100926422,0.23231002990155053,0.24520378054547082,0.16419469969303319,0.22013424391684278,0.16066591797401875,0.21299259395711231,0.22432851633968098,0.14649444057861327,0.17514868296564307,0.24684601614496327,0.11534569051976427,0.14545346317511942,0.2172887139252392,0.2756477886900552,0.21852011155923154,0.23329133758923049,0.17041275317891513,0.1507409456431316,0.10495806657085907,0.13317455699637104,0.13177015860605992,0.12221176478256154,0.18042649782397793,0.20438991296784825,0.16061972703767416,0.1686173327216299,0.18104890181111327,0.18396123671655784,0.16258635270665026,0.13332618855941744,0.14469313130071818,0.14349003827154394,0.15783562491796826,0.16029911552886603,0.160842182699064,0.11378792652268852,0.10341209970196306,0.11409660297677451,0.1532311595292032,0.12315031150635808,0.1199549536672003,0.15490776426118014,0.10585225290654705,0.13451700764242347,0.17264716936010455,0.13424596482988246,0.12599922176046582,0.13307853297106395,0.12056208783104017,0.13893875164056474,0.1092680065606837,0.12459322940247819,0.1618097244877799,0.17215872951151043,0.17219837784568406,0.11427046504249858,0.12664141082615282,0.1681050102673698,0.18127624548925542,0.1464514408417406,0.1253262755700089,0.10942060099498521,0.11703962683074752,0.14740098845539312,0.16049927759075452,0.16866205920721972,0.15190693821322251,0.12524846702263537,0.13318912872637903,0.15022703446254546,0.14059011566923507,0.13563130499651818,0.11900265259932086,0.12553310737973866,0.13471927576135576,0.11551745101287685,0.14358819075645346,0.20199368612977325,0.14956313677524138,0.1227033371633251,0.11257572433546317,0.16522593609951383,0.13580020903538653,0.15318461012420398,0.1632731346378326,0.34818342389328116
0.20821494337668234,0.1523953309632818,0.20348775844354933,0.2940098742687024,0.12950530999788878,0.12277827662587072,0.12544227819159587,0.1427677571091384,0.14274519806566327,0.17910828667226827,0.21700344785513512,0.22767173910412777,0.1957171768700035,0.2612353838308906,0.2652768918322298,0.22695351088191984,0.14162937935851797,0.13194641524985382,0.13006273034802418,0.13026238996071357,0.14574098694185142,0.12818862663778277,0.12856584769585583,0.19175084657129918,0.1842516782077854,0.13791737974230178,0.13333186262315044,0.13446660749251943,0.12129482218058824,0.11442721914646366,0.10998717310172756,0.1342710609258875,0.11751023658637125,0.12492067511178365,0.13191647094018283,0.13721198984978425,0.153662225205859,0.13555188879088736,0.20920281900230125,0.22742135797221694,0.21124523225178385,0.13733000949828286,0.14972337298261956,0.13315490605757685,0.13657712686648885,0.23647545020526392,0.14229268514157967,0.19431559542604793,0.28445293493113116,0.159328485037344,0.17864638531169008,0.20083031355862005,0.3199923362323868,0.2559772223610559,0.26969887149821475,0.15963462286019273,0.12833391265303987,0.13106915361327068,0.15224021816278305,0.21514307189547965,0.31205645530209836,0.370639979414781,0.26046599299673434,0.21315056860958095,0.2681581254754167,0.29180828858875674,0.25621879841504336,0.17167272459736932,0.12501646917207265,0.14065369288339513,0.14797434800590642,0.152754361535692,0.16588564829596342,0.13495418174337656,0.11206575435781813,0.1207842258948415,0.13177858800329453,0.137901596517331,0.09946985793779449,0.17156771032241583,0.1363084633136212,0.1027685787445648,0.16497206313147844,0.16408175024081872,0.14615356124357776,0.14661225168697872,0.13635016981126272,0.11011694276023958,0.1392872249615452,0.09252637902100717,0.11293059932655788,0.12806312239550077,0.14366198768151905,0.14337774397288786,0.13153341978443533,0.1344205760003472,0.15719090902172564,0.15496108934993208,0.1384255206427902,0.14444926979699238,0.12817187905776006,0.12061891326843063,0.1023738934927802,0.1510736721375684,0.17597266086517083,0.12689789923653275,0.10923868352880484,0.12413638893882853,0.11584945088064169,0.12072355264832485,0.13381591243838029,0.14031266634281495,0.13801129590655475,0.12545429062414634,0.12751992578547888,0.11728546908288456,0.13907773819553387,0.11501523289921464,0.1174771323741954,0.13417138884482152,0.12110670696860631,0.12144872126322216,0.126783614827288,0.16077220880253013,0.1355856762974873
0.21790733853565475,0.13712296323124767,0.2532478289955834,0.29477759813049165,0.15123952757631715,0.13752284513851198,0.1348973482357199,0.1441475189248812,0.112830837282276,0.10449042815429194,0.11645280000365105,0.1397248423550165,0.13781747465818087,0.15372504367929624,0.16995696359443213,0.15666492558850065,0.11962361209263915,0.13178034167425332,0.1382848496417549,0.14916369176983804,0.14851475638066777,0.1294637067195047,0.13804716980230888,0.15442478006704827,0.1883934682751273,0.18502536449397441,0.14960558639443972,0.1544207625353629,0.14809599643241153,0.15851919764629874,0.12154219460471777,0.11137011145160355,0.107014445565808,0.10889074001829359,0.12885925741156834,0.11180583753881627,0.13389834516909813,0.1360836862090276,0.14671146637673582,0.14818088624556391,0.2176046935587515,0.16460379638757217,0.15667921596559917,0.14345831077395188,0.16408710394007506,0.1785962827148447,0.11882544845304666,0.16696021988020016,0.19250388354511286,0.13861442801736412,0.1471981788988051,0.15851270011583218,0.2261099953423409,0.17940070597305383,0.1738841638708333,0.1336602672457552,0.10225598548919684,0.11217068068156114,0.12842500069473176,0.13869617300294598,0.16447941819201395,0.17529277552322534,0.13299432125150457,0.1141727079025442,0.1520883396340284,0.1661351251060159,0.1557853424051998,0.12424191280865121,0.10213614210115948,0.1133424113211862,0.11389417577541301,0.11558361832856112,0.1292060911405062,0.13458666763190033,0.12013809107330109,0.10034861756665427,0.11007348439266158,0.1083356518998844,0.11087515068657978,0.14122187835956393,0.11476077917529721,0.11501372915722731,0.1452903104578859,0.14527729785024127,0.1315262295855451,0.1386481983669997,0.14689605776876125,0.11878481070201669,0.16082867584144953,0.11045634571315764,0.12302014133771441,0.1309888992644814,0.14818153152526442,0.17201527219036067,0.14876260123353824,0.11924138934224296,0.14179343472048403,0.17313837112526292,0.14604246110074925,0.12591182489013908,0.12328225155098867,0.12075660225764173,0.11312531367040825,0.11691191919685756,0.12388483083151139,0.11415698467052197,0.11125572400000339,0.13067294167597074,0.1195786894312157,0.11909639992219002,0.13510237561400618,0.13612917624498055,0.11942732341212031,0.13105070770624555,0.11715431764980078,0.10802259158301428,0.1075261008495904,0.1072544694565431,0.12260775387340439,0.11037408705722028,0.1457858830648334,0.12264483621980524,0.14648915757270184,0.13346135188659305,0.11611400309927972
0.1971886272217541,0.11465536075119938,0.18172839375056074,0.2789451223049397,0.11901378681980458,0.177011239485005,0.15138278834001306,0.13518511242057887,0.11349248670262793,0.12003654653839921,0.12455973011176111,0.16389571661100683,0.1552576640870183,0.21157760663079342,0.22059752615505426,0.19343369505646432,0.16306778578068118,0.16593837732943353,0.20808918839886872,0.2908421893765611,0.2362006869277061,0.18054363712641353,0.18684836339757888,0.1682339589151481,0.17553341927617605,0.15517002620749115,0.14602793710867812,0.17547954636528906,0.1646716409590048,0.16607328645228334,0.12671880192634888,0.10228663374525014,0.0974197408310761,0.11437488675794358,0.13047831504562832,0.11842676485425194,0.1103296648968369,0.12783469569443387,0.1691476720938769,0.14849658993398257,0.17356789903678296,0.20367603387482447,0.1976574343245677,0.1492876796070989,0.127624395285053,0.142027295551786,0.10829842831351202,0.1334602113398699,0.14138752119237896,0.13193860086992948,0.13367763469993127,0.13000631234606944,0.1772618895628699,0.12633944627624516,0.13079038250454886,0.13943701300439645,0.1283574468311541,0.11107638439451083,0.13930897320253305,0.18426381284347648,0.18545383705478594,0.18991638657082216,0.17224402394788413,0.14948468462263725,0.19144805331310555,0.18975838147076116,0.1530355823232377,0.13716239687690912,0.13069285578648293,0.13360131734749717,0.11610077983640099,0.14439842974293185,0.13298349719533462,0.15192715566409315,0.1218414838154268,0.11183148753519517,0.11071566307175659,0.11008289882642619,0.1261603886900866,0.12734362286008932,0.160183684329926,0.12471951010514137,0.10268619370658759,0.12773206054879052,0.15730754571071973,0.16555162626808412,0.1209406677670711,0.144376750378518,0.1569626522969722,0.09152339322216735,0.10469160881038495,0.12547291462912558,0.14581062037042575,0.19408354804979186,0.1858438964776988,0.11291724347030904,0.12815643778985764,0.14331585562721316,0.11882721513674355,0.1443819039813717,0.14362130252966906,0.15686116501575953,0.15750753279544738,0.13223875351550904,0.13071829116039016,0.11260448789644009,0.11300223216320027,0.15563587525346048,0.13686390047652333,0.12932807310159747,0.14414009627841254,0.13974654067595907,0.1471101343744085,0.1341483433142475,0.14805208063698938,0.13934803410728297,0.1596702876851943,0.15152004145068085,0.16146332924319243,0.15015903471398037,0.31341396296189133,0.20549742656574427,0.2064891069425081,0.1814173358619537,0.16011516327829547
0.2148632589103783,0.17401400698404973,0.20889843434267166,0.19065124510528217,0.12622785123671168,0.15616201255542198,0.15038493312319917,0.12604445551211263,0.1266941737498531,0.14349513917233622,0.17972972157072645,0.24224255445867846,0.15968843202036098,0.18132989539507263,0.22266492568550444,0.26127046322376457,0.19360970345363832,0.19057461176775964,0.18106698990817122,0.19437806016960915,0.2402030671398497,0.2623785144022328,0.24725694088354,0.23061953218389225,0.24576560515256676,0.219109919166955,0.171085780933837,0.17691593860995408,0.15371967383558127,0.1757136778484113,0.1805978412119957,0.19211848359254213,0.16246440315853142,0.17179477355421516,0.16112312295087042,0.15389731789588548,0.12106334716134776,0.14009193582689516,0.14821119566372526,0.14416894684790227,0.25626038655484884,0.17463729762510594,0.23553864877003003,0.22508075014480003,0.1685980012872701,0.1627279760585642,0.13690397949004027,0.15131566458189744,0.15152164639410287,0.1202888399441645,0.12102170423814368,0.14962189154543643,0.2046678799750369,0.11569830394177429,0.10481031553238403,0.11135280409259089,0.1376324635584437,0.15384150745622707,0.15836661342626315,0.21045908434191737,0.2473400466649106,0.20255677549456658,0.16742369050084394,0.1546935594839322,0.17101730151938574,0.2013437488833596,0.17264358481285794,0.1385219510255497,0.13515190928021986,0.12383411442151603,0.12075243154245345,0.1457870958744715,0.1410522869368552,0.11631154867525366,0.11035318490167546,0.11767887003606767,0.12186454728026559,0.09219038442808161,0.11603513038636991,0.146962916620971,0.1451905994876044,0.1049913163595802,0.08921919846725078,0.13228381742481435,0.12767569730195608,0.12585915383440752,0.13379790820288562,0.11533020690708926,0.11766480007024183,0.10947499287715172,0.10765230106536766,0.10146289202468359,0.11861124660987418,0.13551896858644705,0.17759550692324105,0.17953191985958963,0.1881309936213462,0.23832299000244042,0.19167511610343668,0.15333413721315797,0.12587801521023845,0.118243549254163,0.13886369693225736,0.1777191916637066,0.19006997818912386,0.16399983437333848,0.13446316052115798,0.13011957557402487,0.13325988677228623,0.13288436686507907,0.12535990461009586,0.17350893685198707,0.17636900277811052,0.13307310514187332,0.16047990588805125,0.16467249490830674,0.15127542312677708,0.14207113231904533,0.15004168125092363,0.1421778422227519,0.24926357197286736,0.17731951470762375,0.2999787979762688,0.23362498474823584,0.28783655616671633
0.1128539902849431,0.23345135429041575,0.2849321142026581,0.245064381860199,0.16743759342645265,0.12383138504480849,0.16597046584819283,0.16371744787428524,0.08057399660384665,0.09600127806716313,0.16039382438452596,0.15885270091233714,0.14470593823366606,0.08968698987238954,0.1117772896299657,0.1441488911286597,0.16549976146172526,0.21278922927465496,0.20113016867249042,0.14261999915894266,0.1313694368874322,0.17935760837843182,0.2939706815351221,0.2880397651938067,0.22692451665586658,0.24201726648009403,0.26306530989983995,0.27072644933055207,0.20106041796843704,0.1671674674212377,0.1361162055506006,0.1510121727337628,0.15321228761589029,0.24048758047017008,0.1295803373993174,0.11739230984692843,0.1144753465937331,0.10386555188918259,0.10275616121708321,0.17799339634919936,0.1776242126351827,0.2670724879501917,0.23578547265816635,0.1824695467320759,0.13758468268065632,0.1424937438969761,0.15842490327707925,0.16174978897766729,0.1768225354561135,0.19659017715599833,0.2915426845749159,0.17789385439946995,0.17941890988724296,0.16467791841800045,0.11311313466517844,0.13235333148844577,0.15307741026805435,0.13871196305480243,0.18410836900629643,0.2523097912435512,0.22640514037783324,0.24197644115765246,0.19023047440312563,0.1102860897075902,0.17265382807012936,0.22709056974265426,0.20282278212653762,0.16312096001794701,0.13314096810634649,0.11882133606530133,0.11459227540331492,0.14577226624250406,0.1702516073306675,0.1375709257222642,0.10290584221526411,0.15885802881618355,0.1371014011907857,0.13154759648955733,0.11590505076271942,0.14079633784393472,0.1963965962019273,0.14930090638636423,0.0765866355643018,0.1431333831526651,0.15689242170517984,0.12770810205382754,0.14592666622496175,0.09453453711007283,0.11148742705131746,0.18347867677083798,0.1314238642352163,0.08919035000791067,0.1340808804864414,0.14077944845430315,0.13046201682679237,0.16616186525814233,0.16538521429246542,0.18496292123667593,0.1014145217202342,0.1110097414893073,0.09451457356436084,0.0970295974434324,0.13260408894033193,0.17634454509925132,0.2667447036303902,0.21961251579331076,0.11164814820558534,0.18707212712576024,0.1862999582796025,0.14344362438935668,0.23933397720660912,0.3277833946554501,0.33548871159255833,0.17694876707227086,0.19389148505223935,0.1567216769593267,0.17682505566444404,0.19826446377861218,0.15929536318078874,0.23243651566671858,0.151855074699742,0.14705563914774578,0.19659182447955903,0.11736539163274788,0.15357167363624027
