0.7068735787135864,0.4939005970666756,0.4939005970666755,0.4952111627020771,0.49127946579587284,0.4939005970666755,0.6024035735855106,0.5331262423888908,0.4939005970666755,0.4952111627020771,0.4952111627020771,0.45598551737986176,0.5318156767534893,0.49521116270207716,0.533126242388891,0.5305051111180881,0.495211162702077,0.4572960830152633,0.4925900314312741,0.45598551737986176,0.4925900314312741,0.4939005970666755,0.5331262423888908,0.5331262423888908,0.533126242388891,0.5318156767534893,0.5684201908049014,0.6076458361271161,0.49390059706667544,0.4669965297124988,0.5208046644208523,0.5331262423888908,0.5807417687729397,0.5992559550652822,0.4952111627020771,0.6455609158139293,0.4952111627020771,0.603714139220912,0.5605567969924932,0.4546749517444603,0.4572960830152633,0.5684201908049014,0.5710413220757042,0.5318156767534893,0.49521116270207755,0.5657990595340984,0.614725151553549,0.5979453894298805,0.6076458361271164,0.6500190999695595,0.5574091784722645,0.6173462828243518,0.5613408753784688,0.8678091313932055,0.7906684063841765,0.8312046173417943,0.530505111118088,0.4952111627020771,0.5331262423888908,0.5331262423888908,0.4572960830152633,0.5049116093993127,0.5600303097430672,0.4939005970666756,0.5331262423888908,0.8691196970286068,0.7527533266973627,0.569730756440303,0.5036010437639111,0.4855107160048414,0.4085311832859306,0.0,0.0,0.0,0.0,0.0,0.0,0.0,0.0,0.0,0.0,0.0,0.0,0.0,0.0,0.0,0.0,0.0,0.0,0.0,0.0,0.0,0.0,0.0,0.0,0.0,0.0,0.0,0.0,0.0,0.0,0.0,0.0,0.0,0.0,0.0,0.0,0.0,0.0,0.0,0.0,0.0,0.0,0.0,0.0,0.0,0.0,0.0,0.0,0.0,0.0,0.0,0.0,0.0,0.0
0.49390059706667355,0.20251986249796505,0.20251986249796505,0.20251986249796503,0.20251986249796508,0.20251986249796503,0.349031779996743,0.25135716833089145,0.20251986249796505,0.20251986249796503,0.20251986249796503,0.15368255666503863,0.2513571683308915,0.20251986249796505,0.2513571683308915,0.25135716833089145,0.20251986249796508,0.15368255666503863,0.20251986249796505,0.1536825566650386,0.20251986249796508,0.20251986249796503,0.25135716833089145,0.25135716833089145,0.25135716833089145,0.2513571683308915,0.30019447416381756,0.3490317799967432,0.20251986249796508,0.15582159377967794,0.24921813121625216,0.25135716833089145,0.30233351127845687,0.3468927428821038,0.20251986249796503,0.3978690858296687,0.20251986249796505,0.3490317799967432,0.3001944741638177,0.15368255666503863,0.15368255666503863,0.3001944741638178,0.3001944741638176,0.25135716833089145,0.20251986249796494,0.3001944741638175,0.3511708171113823,0.3468927428821038,0.3490317799967436,0.4000081229443086,0.2980554370491784,0.3511708171113829,0.29805543704917836,0.6908929208272242,0.5932183091613719,0.642055614994299,0.2513571683308915,0.20251986249796503,0.25135716833089145,0.25135716833089145,0.1536825566650386,0.20465889961260433,0.2980554370491783,0.20251986249796505,0.25135716833089145,0.6908929208272242,0.5443810033284469,0.3001944741638175,0.2046588996126044,0.20038082538332574,0.2608775051017757,0.0,0.0,0.0,0.0,0.0,0.0,0.0,0.0,0.0,0.0,0.0,0.0,0.0,0.0,0.0,0.0,0.0,0.0,0.0,0.0,0.0,0.0,0.0,0.0,0.0,0.0,0.0,0.0,0.0,0.0,0.0,0.0,0.0,0.0,0.0,0.0,0.0,0.0,0.0,0.0,0.0,0.0,0.0,0.0,0.0,0.0,0.0,0.0,0.0,0.0,0.0,0.0,0.0,0.0
0.49390059706667355,0.20251986249796503,0.20251986249796503,0.20251986249796503,0.20251986249796505,0.20251986249796503,0.349031779996743,0.25135716833089145,0.20251986249796503,0.20251986249796503,0.20251986249796503,0.15368255666503863,0.25135716833089145,0.20251986249796503,0.25135716833089145,0.25135716833089145,0.20251986249796503,0.1536825566650386,0.20251986249796503,0.15368255666503858,0.20251986249796503,0.20251986249796503,0.25135716833089145,0.25135716833089145,0.25135716833089145,0.25135716833089145,0.30019447416381756,0.3490317799967432,0.20251986249796503,0.15582159377967794,0.24921813121625214,0.25135716833089145,0.30233351127845687,0.34689274288210387,0.20251986249796503,0.3978690858296687,0.20251986249796503,0.3490317799967432,0.30019447416381767,0.15368255666503858,0.1536825566650386,0.3001944741638177,0.30019447416381756,0.25135716833089145,0.20251986249796497,0.3001944741638175,0.3511708171113823,0.34689274288210387,0.34903177999674356,0.40000812294430854,0.29805543704917836,0.35117081711138287,0.2980554370491783,0.6908929208272243,0.5932183091613723,0.6420556149942992,0.2513571683308915,0.20251986249796503,0.25135716833089145,0.25135716833089145,0.1536825566650386,0.20465889961260433,0.29805543704917825,0.20251986249796503,0.25135716833089145,0.6908929208272243,0.5443810033284473,0.3001944741638175,0.20465889961260433,0.20038082538332572,0.2608775051017757,0.0,0.0,0.0,0.0,0.0,0.0,0.0,0.0,0.0,0.0,0.0,0.0,0.0,0.0,0.0,0.0,0.0,0.0,0.0,0.0,0.0,0.0,0.0,0.0,0.0,0.0,0.0,0.0,0.0,0.0,0.0,0.0,0.0,0.0,0.0,0.0,0.0,0.0,0.0,0.0,0.0,0.0,0.0,0.0,0.0,0.0,0.0,0.0,0.0,0.0,0.0,0.0,0.0,0.0
0.49521116270207466,0.20251986249796505,0.20251986249796505,0.20251986249796503,0.20251986249796508,0.20251986249796503,0.349031779996743,0.25135716833089106,0.20251986249796505,0.20251986249796503,0.20251986249796503,0.15368255666503863,0.25135716833089117,0.20251986249796505,0.25135716833089117,0.2513571683308911,0.20251986249796508,0.15368255666503863,0.20251986249796505,0.1536825566650386,0.20251986249796508,0.20251986249796503,0.2513571683308911,0.2513571683308911,0.25135716833089106,0.25135716833089117,0.3001944741638175,0.3490317799967432,0.20251986249796508,0.15451102814427653,0.2505286968516532,0.2513571683308911,0.3010229456430555,0.3482033085175052,0.20251986249796503,0.3978690858296687,0.20251986249796505,0.3490317799967432,0.30019447416381767,0.15368255666503863,0.15368255666503863,0.3001944741638177,0.30019447416381756,0.2513571683308911,0.20251986249796494,0.3001944741638174,0.3498602514759809,0.3482033085175052,0.3490317799967436,0.39869755730890716,0.2993660026845798,0.3498602514759816,0.2993660026845797,0.6908929208272243,0.5932183091613719,0.642055614994299,0.2513571683308911,0.20251986249796503,0.25135716833089106,0.2513571683308911,0.1536825566650386,0.20334833397720295,0.29936600268457964,0.20251986249796505,0.2513571683308911,0.6908929208272243,0.5443810033284469,0.3001944741638174,0.20334833397720295,0.2016913910187271,0.2608775051017754,0.0,0.0,0.0,0.0,0.0,0.0,0.0,0.0,0.0,0.0,0.0,0.0,0.0,0.0,0.0,0.0,0.0,0.0,0.0,0.0,0.0,0.0,0.0,0.0,0.0,0.0,0.0,0.0,0.0,0.0,0.0,0.0,0.0,0.0,0.0,0.0,0.0,0.0,0.0,0.0,0.0,0.0,0.0,0.0,0.0,0.0,0.0,0.0,0.0,0.0,0.0,0.0,0.0,0.0
0.49127946579587045,0.20251986249796514,0.20251986249796514,0.20251986249796514,0.20251986249796514,0.20251986249796514,0.34903177999674334,0.25135716833089106,0.20251986249796514,0.20251986249796514,0.20251986249796514,0.1536825566650387,0.2513571683308911,0.20251986249796514,0.2513571683308911,0.25135716833089106,0.20251986249796516,0.15368255666503866,0.20251986249796514,0.15368255666503866,0.20251986249796514,0.20251986249796514,0.2513571683308911,0.2513571683308911,0.25135716833089106,0.2513571683308911,0.3001944741638175,0.34903177999674334,0.20251986249796514,0.15844272505048082,0.246596999945449,0.2513571683308911,0.30495464254925964,0.3442716116113012,0.20251986249796514,0.39786908582966884,0.20251986249796514,0.34903177999674334,0.30019447416381767,0.1536825566650387,0.15368255666503866,0.3001944741638178,0.3001944741638175,0.25135716833089106,0.20251986249796486,0.3001944741638175,0.35379194838218536,0.34427161161130126,0.3490317799967436,0.4026292542151113,0.2954343057783756,0.3537919483821856,0.29543430577837543,0.690892920827224,0.5932183091613716,0.6420556149942988,0.2513571683308911,0.20251986249796514,0.25135716833089106,0.25135716833089106,0.15368255666503866,0.20728003088340724,0.2954343057783754,0.20251986249796514,0.2513571683308911,0.690892920827224,0.5443810033284466,0.3001944741638175,0.20728003088340724,0.197759694112523,0.2608775051017753,0.0,0.0,0.0,0.0,0.0,0.0,0.0,0.0,0.0,0.0,0.0,0.0,0.0,0.0,0.0,0.0,0.0,0.0,0.0,0.0,0.0,0.0,0.0,0.0,0.0,0.0,0.0,0.0,0.0,0.0,0.0,0.0,0.0,0.0,0.0,0.0,0.0,0.0,0.0,0.0,0.0,0.0,0.0,0.0,0.0,0.0,0.0,0.0,0.0,0.0,0.0,0.0,0.0,0.0
0.49390059706667316,0.20251986249796505,0.20251986249796505,0.20251986249796505,0.20251986249796508,0.20251986249796508,0.3490317799967428,0.25135716833089095,0.20251986249796505,0.20251986249796505,0.20251986249796505,0.15368255666503866,0.25135716833089095,0.20251986249796505,0.25135716833089095,0.25135716833089095,0.20251986249796508,0.15368255666503866,0.20251986249796508,0.15368255666503866,0.20251986249796508,0.20251986249796508,0.25135716833089095,0.25135716833089095,0.25135716833089095,0.25135716833089095,0.3001944741638166,0.3490317799967428,0.20251986249796508,0.15582159377967797,0.24921813121625164,0.25135716833089095,0.30233351127845587,0.3468927428821035,0.20251986249796505,0.3978690858296687,0.20251986249796505,0.3490317799967428,0.30019447416381734,0.15368255666503866,0.15368255666503866,0.3001944741638173,0.3001944741638166,0.25135716833089095,0.20251986249796494,0.3001944741638166,0.3511708171113821,0.3468927428821035,0.3490317799967434,0.40000812294430854,0.298055437049178,0.35117081711138276,0.29805543704917725,0.6908929208272239,0.5932183091613715,0.6420556149942983,0.25135716833089095,0.20251986249796505,0.25135716833089095,0.25135716833089095,0.15368255666503863,0.2046588996126044,0.29805543704917725,0.20251986249796508,0.25135716833089095,0.6908929208272239,0.5443810033284466,0.3001944741638166,0.2046588996126044,0.20038082538332574,0.2608775051017751,0.0,0.0,0.0,0.0,0.0,0.0,0.0,0.0,0.0,0.0,0.0,0.0,0.0,0.0,0.0,0.0,0.0,0.0,0.0,0.0,0.0,0.0,0.0,0.0,0.0,0.0,0.0,0.0,0.0,0.0,0.0,0.0,0.0,0.0,0.0,0.0,0.0,0.0,0.0,0.0,0.0,0.0,0.0,0.0,0.0,0.0,0.0,0.0,0.0,0.0,0.0,0.0,0.0,0.0
0.6024035735855106,0.34903177999674384,0.34903177999674384,0.34903177999674395,0.34903177999674384,0.34903177999674384,0.47940975937143826,0.39249110645497554,0.34903177999674384,0.34903177999674395,0.34903177999674395,0.30557245353851226,0.39249110645497565,0.34903177999674395,0.39249110645497565,0.3924911064549757,0.3490317799967438,0.3055724535385123,0.34903177999674384,0.30557245353851226,0.34903177999674384,0.34903177999674373,0.3924911064549755,0.39249110645497565,0.3924911064549755,0.39249110645497554,0.435950432913207,0.47940975937143854,0.3490317799967438,0.31419646041361404,0.3838670995798737,0.3924911064549755,0.4445744397883088,0.4707857524963367,0.34903177999674395,0.5228690858296697,0.34903177999674395,0.47940975937143854,0.43595043291320706,0.30557245353851226,0.3055724535385123,0.435950432913207,0.43595043291320706,0.39249110645497554,0.3490317799967442,0.4359504329132068,0.48803376624654005,0.47078575249633686,0.47940975937143854,0.5314930927047713,0.42732642603810517,0.48803376624654027,0.4273264260381053,0.783625044579057,0.6967063916625945,0.7401657181208269,0.39249110645497554,0.34903177999674395,0.39249110645497537,0.39249110645497565,0.3055724535385123,0.3576557868718456,0.4273264260381052,0.34903177999674384,0.3924911064549755,0.783625044579057,0.6532470652043632,0.435950432913207,0.3576557868718455,0.34040777312164217,0.3376580102581018,0.0,0.0,0.0,0.0,0.0,0.0,0.0,0.0,0.0,0.0,0.0,0.0,0.0,0.0,0.0,0.0,0.0,0.0,0.0,0.0,0.0,0.0,0.0,0.0,0.0,0.0,0.0,0.0,0.0,0.0,0.0,0.0,0.0,0.0,0.0,0.0,0.0,0.0,0.0,0.0,0.0,0.0,0.0,0.0,0.0,0.0,0.0,0.0,0.0,0.0,0.0,0.0,0.0,0.0
0.5331262423888892,0.2513571683308913,0.2513571683308913,0.2513571683308913,0.2513571683308913,0.2513571683308913,0.39249110645497487,0.29840181437225255,0.25135716833089117,0.2513571683308913,0.2513571683308913,0.20431252228952979,0.29840181437225255,0.2513571683308913,0.29840181437225255,0.2984018143722526,0.25135716833089117,0.20431252228952976,0.2513571683308913,0.20431252228952979,0.2513571683308913,0.2513571683308913,0.29840181437225255,0.2984018143722526,0.29840181437225255,0.29840181437225255,0.3454464604136141,0.3924911064549751,0.25135716833089117,0.20555522950838664,0.29715910715339566,0.29840181437225255,0.34668916763247104,0.39124839923611815,0.2513571683308913,0.4395357524963358,0.2513571683308913,0.3924911064549751,0.3454464604136142,0.20431252228952979,0.20431252228952976,0.3454464604136142,0.34544646041361415,0.29840181437225255,0.25135716833089133,0.345446460413614,0.39373381367383165,0.3912483992361182,0.39249110645497537,0.44077845971519297,0.3442037531947573,0.3937338136738322,0.34420375319475727,0.721803628744502,0.6277143366617797,0.6747589827031417,0.2984018143722526,0.2513571683308913,0.2984018143722525,0.2984018143722526,0.20431252228952976,0.25259987554974805,0.3442037531947572,0.2513571683308913,0.29840181437225255,0.721803628744502,0.5806696906204193,0.345446460413614,0.25259987554974805,0.2501144611120344,0.2864710068205508,0.0,0.0,0.0,0.0,0.0,0.0,0.0,0.0,0.0,0.0,0.0,0.0,0.0,0.0,0.0,0.0,0.0,0.0,0.0,0.0,0.0,0.0,0.0,0.0,0.0,0.0,0.0,0.0,0.0,0.0,0.0,0.0,0.0,0.0,0.0,0.0,0.0,0.0,0.0,0.0,0.0,0.0,0.0,0.0,0.0,0.0,0.0,0.0,0.0,0.0,0.0,0.0,0.0,0.0
0.49390059706667344,0.20251986249796503,0.20251986249796503,0.20251986249796503,0.20251986249796505,0.20251986249796503,0.34903177999674306,0.25135716833089133,0.20251986249796503,0.20251986249796503,0.20251986249796503,0.1536825566650386,0.25135716833089133,0.20251986249796503,0.25135716833089133,0.25135716833089133,0.20251986249796508,0.1536825566650386,0.20251986249796503,0.1536825566650386,0.20251986249796503,0.20251986249796503,0.25135716833089133,0.25135716833089133,0.25135716833089133,0.25135716833089145,0.30019447416381756,0.3490317799967432,0.20251986249796503,0.15582159377967797,0.24921813121625203,0.25135716833089133,0.30233351127845687,0.34689274288210387,0.20251986249796503,0.3978690858296687,0.20251986249796503,0.3490317799967432,0.3001944741638176,0.1536825566650386,0.1536825566650386,0.30019447416381767,0.3001944741638176,0.25135716833089133,0.20251986249796494,0.3001944741638175,0.3511708171113823,0.34689274288210387,0.34903177999674356,0.40000812294430854,0.29805543704917836,0.35117081711138287,0.2980554370491783,0.6908929208272243,0.5932183091613723,0.6420556149942991,0.25135716833089133,0.20251986249796503,0.25135716833089133,0.25135716833089133,0.1536825566650386,0.20465889961260433,0.2980554370491783,0.20251986249796503,0.25135716833089133,0.6908929208272243,0.5443810033284472,0.3001944741638175,0.20465889961260433,0.20038082538332572,0.26087750510177565,0.0,0.0,0.0,0.0,0.0,0.0,0.0,0.0,0.0,0.0,0.0,0.0,0.0,0.0,0.0,0.0,0.0,0.0,0.0,0.0,0.0,0.0,0.0,0.0,0.0,0.0,0.0,0.0,0.0,0.0,0.0,0.0,0.0,0.0,0.0,0.0,0.0,0.0,0.0,0.0,0.0,0.0,0.0,0.0,0.0,0.0,0.0,0.0,0.0,0.0,0.0,0.0,0.0,0.0
0.49521116270207505,0.20251986249796503,0.20251986249796503,0.20251986249796503,0.20251986249796503,0.20251986249796503,0.349031779996743,0.25135716833089117,0.20251986249796503,0.20251986249796503,0.20251986249796503,0.15368255666503866,0.25135716833089117,0.20251986249796503,0.25135716833089117,0.25135716833089117,0.20251986249796503,0.1536825566650386,0.20251986249796503,0.1536825566650386,0.20251986249796503,0.20251986249796503,0.2513571683308911,0.25135716833089117,0.25135716833089117,0.25135716833089117,0.30019447416381756,0.3490317799967432,0.20251986249796503,0.15451102814427653,0.25052869685165324,0.2513571683308911,0.30102294564305554,0.3482033085175052,0.20251986249796503,0.3978690858296687,0.20251986249796503,0.3490317799967432,0.3001944741638176,0.1536825566650386,0.1536825566650386,0.30019447416381767,0.30019447416381756,0.25135716833089117,0.20251986249796497,0.3001944741638175,0.3498602514759809,0.3482033085175052,0.3490317799967436,0.39869755730890716,0.29936600268457975,0.3498602514759815,0.2993660026845797,0.6908929208272243,0.5932183091613723,0.6420556149942991,0.25135716833089117,0.20251986249796503,0.25135716833089117,0.25135716833089117,0.1536825566650386,0.2033483339772029,0.29936600268457964,0.20251986249796503,0.25135716833089117,0.6908929208272243,0.5443810033284473,0.3001944741638175,0.2033483339772029,0.2016913910187271,0.2608775051017755,0.0,0.0,0.0,0.0,0.0,0.0,0.0,0.0,0.0,0.0,0.0,0.0,0.0,0.0,0.0,0.0,0.0,0.0,0.0,0.0,0.0,0.0,0.0,0.0,0.0,0.0,0.0,0.0,0.0,0.0,0.0,0.0,0.0,0.0,0.0,0.0,0.0,0.0,0.0,0.0,0.0,0.0,0.0,0.0,0.0,0.0,0.0,0.0,0.0,0.0,0.0,0.0,0.0,0.0
0.4952111627020747,0.20251986249796505,0.20251986249796505,0.20251986249796505,0.20251986249796508,0.20251986249796508,0.34903177999674306,0.25135716833089117,0.20251986249796505,0.20251986249796505,0.20251986249796505,0.15368255666503866,0.2513571683308913,0.20251986249796505,0.2513571683308913,0.25135716833089117,0.20251986249796508,0.15368255666503863,0.20251986249796508,0.15368255666503863,0.20251986249796508,0.20251986249796508,0.25135716833089117,0.2513571683308913,0.25135716833089117,0.2513571683308913,0.30019447416381756,0.3490317799967432,0.20251986249796508,0.15451102814427653,0.2505286968516533,0.25135716833089117,0.30102294564305554,0.3482033085175052,0.20251986249796505,0.3978690858296687,0.20251986249796505,0.3490317799967432,0.3001944741638177,0.15368255666503866,0.15368255666503863,0.3001944741638178,0.3001944741638176,0.25135716833089117,0.20251986249796494,0.3001944741638175,0.349860251475981,0.3482033085175052,0.3490317799967436,0.39869755730890716,0.29936600268457986,0.3498602514759816,0.29936600268457975,0.6908929208272242,0.5932183091613715,0.6420556149942988,0.2513571683308913,0.20251986249796505,0.25135716833089117,0.25135716833089117,0.1536825566650386,0.20334833397720295,0.2993660026845797,0.20251986249796508,0.25135716833089117,0.6908929208272242,0.5443810033284469,0.3001944741638175,0.203348333977203,0.20169139101872713,0.2608775051017755,0.0,0.0,0.0,0.0,0.0,0.0,0.0,0.0,0.0,0.0,0.0,0.0,0.0,0.0,0.0,0.0,0.0,0.0,0.0,0.0,0.0,0.0,0.0,0.0,0.0,0.0,0.0,0.0,0.0,0.0,0.0,0.0,0.0,0.0,0.0,0.0,0.0,0.0,0.0,0.0,0.0,0.0,0.0,0.0,0.0,0.0,0.0,0.0,0.0,0.0,0.0,0.0,0.0,0.0
0.4559855173798593,0.15368255666503874,0.15368255666503874,0.15368255666503874,0.15368255666503874,0.15368255666503874,0.30557245353851126,0.2043125222895301,0.15368255666503874,0.15368255666503874,0.15368255666503874,0.10305259104054745,0.2043125222895301,0.15368255666503874,0.20431252228953006,0.2043125222895301,0.15368255666503874,0.10305259104054745,0.15368255666503874,0.10305259104054745,0.15368255666503874,0.15368255666503874,0.20431252228953006,0.20431252228953006,0.2043125222895301,0.2043125222895301,0.2549424879140208,0.30557245353851126,0.15368255666503874,0.10477739241556781,0.2025877209145097,0.20431252228953006,0.2566672892890411,0.3038476521634909,0.15368255666503874,0.35620241916300166,0.15368255666503874,0.30557245353851126,0.2549424879140211,0.10305259104054745,0.10305259104054745,0.25494248791402113,0.2549424879140208,0.2043125222895301,0.15368255666503872,0.2549424879140208,0.30729725491353155,0.3038476521634909,0.3055724535385118,0.3579272205380228,0.25321768653900073,0.30729725491353216,0.25321768653900045,0.6599822129099467,0.5587222816609648,0.6093522472854566,0.20431252228953006,0.15368255666503874,0.2043125222895301,0.2043125222895301,0.10305259104054745,0.1554073580400591,0.25321768653900045,0.15368255666503874,0.20431252228953006,0.6599822129099466,0.5080923160364751,0.25494248791402074,0.15540735804005912,0.1519577552900184,0.23528400338300012,0.0,0.0,0.0,0.0,0.0,0.0,0.0,0.0,0.0,0.0,0.0,0.0,0.0,0.0,0.0,0.0,0.0,0.0,0.0,0.0,0.0,0.0,0.0,0.0,0.0,0.0,0.0,0.0,0.0,0.0,0.0,0.0,0.0,0.0,0.0,0.0,0.0,0.0,0.0,0.0,0.0,0.0,0.0,0.0,0.0,0.0,0.0,0.0,0.0,0.0,0.0,0.0,0.0,0.0
0.5318156767534876,0.25135716833089145,0.25135716833089145,0.25135716833089145,0.25135716833089145,0.25135716833089145,0.3924911064549747,0.29840181437225266,0.25135716833089133,0.25135716833089145,0.25135716833089145,0.20431252228952987,0.29840181437225266,0.25135716833089145,0.29840181437225266,0.2984018143722527,0.25135716833089133,0.20431252228952984,0.25135716833089145,0.20431252228952984,0.25135716833089145,0.25135716833089145,0.29840181437225266,0.2984018143722527,0.29840181437225266,0.29840181437225266,0.34544646041361354,0.39249110645497476,0.25135716833089133,0.2068657951437881,0.2958485415179944,0.29840181437225266,0.34799973326787176,0.3899378336007165,0.25135716833089145,0.43953575249633586,0.25135716833089145,0.39249110645497476,0.345446460413614,0.20431252228952987,0.20431252228952984,0.345446460413614,0.34544646041361354,0.29840181437225266,0.2513571683308913,0.3454464604136134,0.39504437930923286,0.38993783360071654,0.39249110645497526,0.44208902535059447,0.34289318755935566,0.39504437930923353,0.3428931875593553,0.7218036287445013,0.627714336661779,0.6747589827031407,0.29840181437225266,0.25135716833089145,0.2984018143722526,0.2984018143722527,0.20431252228952984,0.25391044118514966,0.3428931875593552,0.25135716833089145,0.29840181437225266,0.7218036287445013,0.5806696906204188,0.34544646041361343,0.25391044118514966,0.2488038954766332,0.28647100682055093,0.0,0.0,0.0,0.0,0.0,0.0,0.0,0.0,0.0,0.0,0.0,0.0,0.0,0.0,0.0,0.0,0.0,0.0,0.0,0.0,0.0,0.0,0.0,0.0,0.0,0.0,0.0,0.0,0.0,0.0,0.0,0.0,0.0,0.0,0.0,0.0,0.0,0.0,0.0,0.0,0.0,0.0,0.0,0.0,0.0,0.0,0.0,0.0,0.0,0.0,0.0,0.0,0.0,0.0
0.49521116270207477,0.20251986249796514,0.20251986249796514,0.20251986249796514,0.20251986249796514,0.20251986249796516,0.3490317799967424,0.251357168330891,0.20251986249796514,0.20251986249796514,0.20251986249796514,0.1536825566650387,0.25135716833089106,0.20251986249796514,0.251357168330891,0.251357168330891,0.20251986249796516,0.1536825566650387,0.20251986249796514,0.1536825566650387,0.20251986249796514,0.20251986249796514,0.25135716833089106,0.251357168330891,0.251357168330891,0.25135716833089106,0.30019447416381667,0.34903177999674256,0.20251986249796514,0.1545110281442766,0.2505286968516532,0.25135716833089106,0.3010229456430545,0.3482033085175046,0.20251986249796514,0.39786908582966857,0.20251986249796514,0.34903177999674245,0.3001944741638173,0.1536825566650387,0.1536825566650387,0.3001944741638172,0.3001944741638166,0.251357168330891,0.2025198624979649,0.30019447416381667,0.3498602514759804,0.3482033085175047,0.34903177999674323,0.39869755730890716,0.29936600268457936,0.3498602514759811,0.29936600268457875,0.6908929208272235,0.5932183091613715,0.6420556149942982,0.251357168330891,0.20251986249796514,0.251357168330891,0.251357168330891,0.1536825566650387,0.20334833397720303,0.29936600268457875,0.20251986249796514,0.25135716833089106,0.6908929208272235,0.5443810033284469,0.3001944741638166,0.20334833397720303,0.2016913910187272,0.26087750510177526,0.0,0.0,0.0,0.0,0.0,0.0,0.0,0.0,0.0,0.0,0.0,0.0,0.0,0.0,0.0,0.0,0.0,0.0,0.0,0.0,0.0,0.0,0.0,0.0,0.0,0.0,0.0,0.0,0.0,0.0,0.0,0.0,0.0,0.0,0.0,0.0,0.0,0.0,0.0,0.0,0.0,0.0,0.0,0.0,0.0,0.0,0.0,0.0,0.0,0.0,0.0,0.0,0.0,0.0
0.5331262423888881,0.25135716833089095,0.25135716833089095,0.2513571683308909,0.25135716833089095,0.25135716833089095,0.3924911064549741,0.2984018143722519,0.25135716833089095,0.2513571683308909,0.2513571683308909,0.20431252228952987,0.29840181437225194,0.2513571683308909,0.29840181437225194,0.2984018143722519,0.25135716833089095,0.20431252228952987,0.25135716833089095,0.20431252228952987,0.25135716833089095,0.25135716833089095,0.2984018143722519,0.29840181437225194,0.2984018143722519,0.29840181437225194,0.34544646041361315,0.39249110645497415,0.25135716833089095,0.20555522950838678,0.29715910715339505,0.2984018143722519,0.34668916763247004,0.39124839923611726,0.2513571683308909,0.4395357524963348,0.2513571683308909,0.39249110645497415,0.34544646041361393,0.20431252228952987,0.20431252228952987,0.345446460413614,0.34544646041361315,0.29840181437225194,0.25135716833089145,0.34544646041361315,0.3937338136738308,0.39124839923611726,0.3924911064549749,0.4407784597151925,0.34420375319475705,0.3937338136738318,0.3442037531947563,0.7218036287445007,0.6277143366617781,0.6747589827031399,0.29840181437225194,0.2513571683308909,0.2984018143722519,0.29840181437225194,0.20431252228952987,0.2525998755497477,0.3442037531947563,0.25135716833089095,0.2984018143722519,0.7218036287445007,0.5806696906204183,0.34544646041361315,0.2525998755497477,0.25011446111203406,0.28647100682055027,0.0,0.0,0.0,0.0,0.0,0.0,0.0,0.0,0.0,0.0,0.0,0.0,0.0,0.0,0.0,0.0,0.0,0.0,0.0,0.0,0.0,0.0,0.0,0.0,0.0,0.0,0.0,0.0,0.0,0.0,0.0,0.0,0.0,0.0,0.0,0.0,0.0,0.0,0.0,0.0,0.0,0.0,0.0,0.0,0.0,0.0,0.0,0.0,0.0,0.0,0.0,0.0,0.0,0.0
0.530505111118087,0.25135716833089133,0.25135716833089133,0.25135716833089133,0.25135716833089133,0.2513571683308913,0.39249110645497554,0.29840181437225266,0.25135716833089133,0.25135716833089133,0.25135716833089133,0.20431252228952976,0.2984018143722527,0.25135716833089133,0.2984018143722528,0.2984018143722527,0.25135716833089133,0.2043125222895297,0.25135716833089133,0.2043125222895297,0.2513571683308913,0.25135716833089133,0.29840181437225266,0.29840181437225277,0.29840181437225266,0.2984018143722527,0.3454464604136143,0.39249110645497576,0.2513571683308913,0.2081763607791894,0.29453797588259306,0.29840181437225266,0.349310298903274,0.38862726796531605,0.25135716833089133,0.43953575249633686,0.25135716833089133,0.39249110645497576,0.34544646041361415,0.20431252228952976,0.2043125222895297,0.34544646041361415,0.3454464604136144,0.29840181437225266,0.25135716833089117,0.3454464604136141,0.39635494494463513,0.3886272679653161,0.39249110645497565,0.44339959098599624,0.34158262192395444,0.3963549449446353,0.3415826219239547,0.7218036287445024,0.6277143366617797,0.6747589827031422,0.2984018143722527,0.25135716833089133,0.2984018143722526,0.29840181437225277,0.2043125222895297,0.25522100682055104,0.34158262192395467,0.25135716833089133,0.29840181437225266,0.7218036287445024,0.5806696906204195,0.3454464604136142,0.255221006820551,0.24749332984123162,0.2864710068205511,0.0,0.0,0.0,0.0,0.0,0.0,0.0,0.0,0.0,0.0,0.0,0.0,0.0,0.0,0.0,0.0,0.0,0.0,0.0,0.0,0.0,0.0,0.0,0.0,0.0,0.0,0.0,0.0,0.0,0.0,0.0,0.0,0.0,0.0,0.0,0.0,0.0,0.0,0.0,0.0,0.0,0.0,0.0,0.0,0.0,0.0,0.0,0.0,0.0,0.0,0.0,0.0,0.0,0.0
0.4952111627020753,0.20251986249796503,0.20251986249796503,0.20251986249796497,0.20251986249796503,0.20251986249796497,0.349031779996743,0.25135716833089117,0.20251986249796503,0.20251986249796497,0.20251986249796497,0.15368255666503863,0.2513571683308913,0.20251986249796503,0.2513571683308913,0.2513571683308913,0.20251986249796503,0.1536825566650386,0.20251986249796503,0.1536825566650386,0.20251986249796503,0.20251986249796503,0.25135716833089117,0.2513571683308913,0.25135716833089117,0.2513571683308913,0.30019447416381756,0.3490317799967432,0.20251986249796503,0.15451102814427653,0.2505286968516533,0.25135716833089117,0.30102294564305554,0.3482033085175052,0.20251986249796497,0.3978690858296687,0.20251986249796497,0.3490317799967432,0.3001944741638176,0.15368255666503858,0.1536825566650386,0.30019447416381767,0.30019447416381756,0.2513571683308913,0.20251986249796497,0.3001944741638175,0.3498602514759809,0.3482033085175052,0.34903177999674356,0.39869755730890716,0.29936600268457975,0.34986025147598143,0.2993660026845797,0.6908929208272243,0.5932183091613723,0.6420556149942991,0.25135716833089133,0.20251986249796497,0.25135716833089117,0.2513571683308913,0.1536825566650386,0.2033483339772029,0.29936600268457964,0.20251986249796503,0.2513571683308913,0.6908929208272243,0.5443810033284475,0.3001944741638175,0.2033483339772029,0.2016913910187271,0.2608775051017756,0.0,0.0,0.0,0.0,0.0,0.0,0.0,0.0,0.0,0.0,0.0,0.0,0.0,0.0,0.0,0.0,0.0,0.0,0.0,0.0,0.0,0.0,0.0,0.0,0.0,0.0,0.0,0.0,0.0,0.0,0.0,0.0,0.0,0.0,0.0,0.0,0.0,0.0,0.0,0.0,0.0,0.0,0.0,0.0,0.0,0.0,0.0,0.0,0.0,0.0,0.0,0.0,0.0,0.0
0.45729608301526065,0.15368255666503883,0.15368255666503883,0.15368255666503883,0.15368255666503883,0.15368255666503883,0.30557245353851126,0.20431252228953017,0.15368255666503883,0.15368255666503883,0.15368255666503883,0.10305259104054745,0.20431252228953017,0.15368255666503883,0.20431252228953017,0.20431252228953017,0.15368255666503883,0.10305259104054745,0.15368255666503883,0.10305259104054745,0.15368255666503883,0.15368255666503883,0.20431252228953017,0.20431252228953017,0.20431252228953017,0.20431252228953015,0.2549424879140208,0.30557245353851126,0.15368255666503883,0.10346682678016643,0.2038982865499112,0.20431252228953017,0.25535672365363976,0.3051582177988923,0.15368255666503883,0.35620241916300166,0.15368255666503883,0.30557245353851126,0.25494248791402113,0.10305259104054745,0.10305259104054745,0.2549424879140212,0.2549424879140208,0.20431252228953017,0.15368255666503866,0.2549424879140208,0.3059866892781302,0.3051582177988923,0.30557245353851187,0.35661665490262145,0.2545282521744023,0.30598668927813083,0.25452825217440195,0.6599822129099463,0.5587222816609642,0.609352247285456,0.20431252228953017,0.15368255666503883,0.20431252228953017,0.20431252228953017,0.10305259104054745,0.15409679240465776,0.25452825217440195,0.15368255666503883,0.20431252228953017,0.6599822129099463,0.5080923160364749,0.2549424879140208,0.1540967924046578,0.15326832092541987,0.23528400338300015,0.0,0.0,0.0,0.0,0.0,0.0,0.0,0.0,0.0,0.0,0.0,0.0,0.0,0.0,0.0,0.0,0.0,0.0,0.0,0.0,0.0,0.0,0.0,0.0,0.0,0.0,0.0,0.0,0.0,0.0,0.0,0.0,0.0,0.0,0.0,0.0,0.0,0.0,0.0,0.0,0.0,0.0,0.0,0.0,0.0,0.0,0.0,0.0,0.0,0.0,0.0,0.0,0.0,0.0
0.49259003143127206,0.20251986249796508,0.20251986249796508,0.20251986249796508,0.20251986249796514,0.20251986249796514,0.34903177999674323,0.25135716833089145,0.20251986249796508,0.20251986249796508,0.20251986249796508,0.15368255666503866,0.2513571683308915,0.20251986249796508,0.2513571683308915,0.25135716833089145,0.20251986249796514,0.15368255666503863,0.20251986249796508,0.15368255666503863,0.20251986249796514,0.20251986249796514,0.25135716833089145,0.2513571683308915,0.25135716833089145,0.25135716833089156,0.3001944741638177,0.34903177999674323,0.20251986249796514,0.1571321594150794,0.24790756558085078,0.25135716833089145,0.3036440769138584,0.3455821772467026,0.20251986249796508,0.3978690858296688,0.20251986249796508,0.34903177999674323,0.30019447416381767,0.15368255666503866,0.15368255666503863,0.3001944741638177,0.3001944741638178,0.25135716833089145,0.20251986249796486,0.30019447416381756,0.35248138274678387,0.3455821772467026,0.3490317799967436,0.4013186885797099,0.29674487141377703,0.35248138274678426,0.2967448714137771,0.690892920827224,0.5932183091613715,0.6420556149942988,0.2513571683308915,0.20251986249796508,0.25135716833089145,0.2513571683308915,0.15368255666503863,0.2059694652480058,0.29674487141377703,0.20251986249796508,0.25135716833089145,0.690892920827224,0.5443810033284469,0.3001944741638178,0.2059694652480058,0.19907025974792436,0.2608775051017757,0.0,0.0,0.0,0.0,0.0,0.0,0.0,0.0,0.0,0.0,0.0,0.0,0.0,0.0,0.0,0.0,0.0,0.0,0.0,0.0,0.0,0.0,0.0,0.0,0.0,0.0,0.0,0.0,0.0,0.0,0.0,0.0,0.0,0.0,0.0,0.0,0.0,0.0,0.0,0.0,0.0,0.0,0.0,0.0,0.0,0.0,0.0,0.0,0.0,0.0,0.0,0.0,0.0,0.0
0.4559855173798593,0.15368255666503883,0.15368255666503883,0.15368255666503883,0.15368255666503883,0.15368255666503883,0.3055724535385113,0.20431252228953017,0.15368255666503883,0.15368255666503883,0.15368255666503883,0.1030525910405475,0.20431252228953017,0.15368255666503883,0.20431252228953017,0.20431252228953017,0.15368255666503883,0.10305259104054748,0.15368255666503883,0.10305259104054748,0.15368255666503883,0.15368255666503883,0.20431252228953017,0.20431252228953017,0.2043125222895302,0.2043125222895302,0.2549424879140209,0.3055724535385113,0.15368255666503883,0.10477739241556783,0.20258772091450986,0.20431252228953017,0.2566672892890412,0.30384765216349097,0.15368255666503883,0.3562024191630017,0.15368255666503883,0.30557245353851126,0.25494248791402113,0.10305259104054748,0.10305259104054748,0.2549424879140212,0.2549424879140209,0.20431252228953017,0.15368255666503863,0.2549424879140209,0.30729725491353166,0.30384765216349097,0.3055724535385119,0.35792722053802295,0.2532176865390008,0.3072972549135322,0.25321768653900056,0.6599822129099463,0.5587222816609642,0.609352247285456,0.20431252228953017,0.15368255666503883,0.20431252228953017,0.20431252228953017,0.10305259104054748,0.15540735804005917,0.25321768653900056,0.15368255666503883,0.2043125222895302,0.6599822129099464,0.5080923160364749,0.2549424879140209,0.1554073580400592,0.15195775529001848,0.2352840033830002,0.0,0.0,0.0,0.0,0.0,0.0,0.0,0.0,0.0,0.0,0.0,0.0,0.0,0.0,0.0,0.0,0.0,0.0,0.0,0.0,0.0,0.0,0.0,0.0,0.0,0.0,0.0,0.0,0.0,0.0,0.0,0.0,0.0,0.0,0.0,0.0,0.0,0.0,0.0,0.0,0.0,0.0,0.0,0.0,0.0,0.0,0.0,0.0,0.0,0.0,0.0,0.0,0.0,0.0
0.4925900314312718,0.20251986249796508,0.20251986249796508,0.20251986249796508,0.20251986249796508,0.20251986249796514,0.3490317799967432,0.25135716833089095,0.20251986249796508,0.20251986249796508,0.20251986249796508,0.1536825566650387,0.251357168330891,0.20251986249796508,0.25135716833089095,0.25135716833089095,0.20251986249796514,0.15368255666503863,0.20251986249796508,0.15368255666503866,0.20251986249796514,0.20251986249796508,0.251357168330891,0.25135716833089095,0.25135716833089095,0.25135716833089095,0.3001944741638171,0.3490317799967432,0.20251986249796508,0.15713215941507938,0.24790756558085036,0.251357168330891,0.3036440769138579,0.3455821772467024,0.20251986249796508,0.3978690858296687,0.20251986249796508,0.3490317799967432,0.3001944741638176,0.15368255666503863,0.15368255666503863,0.3001944741638176,0.3001944741638172,0.25135716833089095,0.2025198624979649,0.30019447416381717,0.3524813827467838,0.3455821772467024,0.3490317799967436,0.4013186885797099,0.29674487141377687,0.35248138274678426,0.2967448714137765,0.6908929208272239,0.5932183091613716,0.6420556149942985,0.25135716833089095,0.20251986249796508,0.25135716833089095,0.25135716833089095,0.15368255666503863,0.2059694652480058,0.2967448714137765,0.20251986249796508,0.251357168330891,0.6908929208272239,0.5443810033284466,0.30019447416381717,0.2059694652480058,0.19907025974792436,0.26087750510177515,0.0,0.0,0.0,0.0,0.0,0.0,0.0,0.0,0.0,0.0,0.0,0.0,0.0,0.0,0.0,0.0,0.0,0.0,0.0,0.0,0.0,0.0,0.0,0.0,0.0,0.0,0.0,0.0,0.0,0.0,0.0,0.0,0.0,0.0,0.0,0.0,0.0,0.0,0.0,0.0,0.0,0.0,0.0,0.0,0.0,0.0,0.0,0.0,0.0,0.0,0.0,0.0,0.0,0.0
0.49390059706667344,0.20251986249796505,0.20251986249796505,0.20251986249796508,0.20251986249796508,0.20251986249796508,0.34903177999674306,0.2513571683308913,0.20251986249796505,0.20251986249796508,0.20251986249796508,0.1536825566650387,0.25135716833089133,0.20251986249796508,0.25135716833089145,0.25135716833089133,0.20251986249796514,0.15368255666503863,0.20251986249796508,0.15368255666503863,0.20251986249796508,0.20251986249796508,0.2513571683308913,0.25135716833089133,0.25135716833089133,0.25135716833089133,0.3001944741638176,0.3490317799967432,0.20251986249796508,0.15582159377967794,0.24921813121625203,0.2513571683308913,0.30233351127845687,0.34689274288210387,0.20251986249796508,0.3978690858296687,0.20251986249796508,0.3490317799967432,0.3001944741638178,0.15368255666503863,0.15368255666503863,0.30019447416381784,0.30019447416381767,0.25135716833089133,0.2025198624979649,0.3001944741638175,0.3511708171113823,0.3468927428821038,0.3490317799967436,0.40000812294430865,0.29805543704917853,0.351170817111383,0.29805543704917836,0.6908929208272239,0.5932183091613715,0.6420556149942986,0.25135716833089133,0.20251986249796508,0.2513571683308913,0.25135716833089133,0.1536825566650386,0.2046588996126044,0.2980554370491783,0.20251986249796508,0.25135716833089133,0.6908929208272239,0.5443810033284469,0.30019447416381756,0.2046588996126044,0.20038082538332574,0.2608775051017756,0.0,0.0,0.0,0.0,0.0,0.0,0.0,0.0,0.0,0.0,0.0,0.0,0.0,0.0,0.0,0.0,0.0,0.0,0.0,0.0,0.0,0.0,0.0,0.0,0.0,0.0,0.0,0.0,0.0,0.0,0.0,0.0,0.0,0.0,0.0,0.0,0.0,0.0,0.0,0.0,0.0,0.0,0.0,0.0,0.0,0.0,0.0,0.0,0.0,0.0,0.0,0.0,0.0,0.0
0.533126242388889,0.25135716833089106,0.25135716833089106,0.25135716833089106,0.25135716833089106,0.2513571683308911,0.39249110645497476,0.2984018143722526,0.251357168330891,0.25135716833089106,0.25135716833089106,0.20431252228952987,0.2984018143722526,0.25135716833089106,0.29840181437225255,0.29840181437225255,0.25135716833089106,0.20431252228952984,0.2513571683308911,0.20431252228952984,0.25135716833089106,0.251357168330891,0.29840181437225255,0.2984018143722526,0.2984018143722526,0.2984018143722526,0.3454464604136136,0.3924911064549749,0.25135716833089106,0.20555522950838673,0.2971591071533957,0.29840181437225255,0.34668916763247043,0.39124839923611804,0.25135716833089106,0.43953575249633586,0.25135716833089106,0.3924911064549749,0.3454464604136141,0.20431252228952987,0.20431252228952984,0.345446460413614,0.3454464604136137,0.2984018143722526,0.25135716833089117,0.34544646041361354,0.3937338136738316,0.39124839923611815,0.39249110645497537,0.4407784597151931,0.34420375319475705,0.3937338136738322,0.3442037531947568,0.7218036287445013,0.627714336661779,0.6747589827031409,0.29840181437225255,0.25135716833089106,0.29840181437225255,0.2984018143722526,0.20431252228952984,0.2525998755497479,0.3442037531947567,0.25135716833089106,0.29840181437225255,0.7218036287445013,0.5806696906204187,0.3454464604136136,0.2525998755497479,0.2501144611120342,0.28647100682055077,0.0,0.0,0.0,0.0,0.0,0.0,0.0,0.0,0.0,0.0,0.0,0.0,0.0,0.0,0.0,0.0,0.0,0.0,0.0,0.0,0.0,0.0,0.0,0.0,0.0,0.0,0.0,0.0,0.0,0.0,0.0,0.0,0.0,0.0,0.0,0.0,0.0,0.0,0.0,0.0,0.0,0.0,0.0,0.0,0.0,0.0,0.0,0.0,0.0,0.0,0.0,0.0,0.0,0.0
0.5331262423888888,0.25135716833089117,0.25135716833089117,0.2513571683308913,0.25135716833089117,0.25135716833089117,0.39249110645497415,0.2984018143722526,0.25135716833089117,0.2513571683308913,0.2513571683308913,0.20431252228952984,0.2984018143722526,0.25135716833089117,0.2984018143722526,0.29840181437225266,0.25135716833089117,0.20431252228952984,0.2513571683308913,0.20431252228952984,0.25135716833089117,0.25135716833089117,0.2984018143722526,0.29840181437225266,0.2984018143722526,0.2984018143722526,0.3454464604136133,0.3924911064549743,0.25135716833089117,0.20555522950838667,0.2971591071533957,0.2984018143722526,0.3466891676324701,0.39124839923611743,0.2513571683308913,0.4395357524963355,0.2513571683308913,0.39249110645497426,0.34544646041361393,0.20431252228952984,0.20431252228952984,0.3454464604136138,0.3454464604136133,0.2984018143722526,0.2513571683308913,0.3454464604136132,0.393733813673831,0.39124839923611743,0.3924911064549749,0.4407784597151929,0.344203753194757,0.3937338136738318,0.34420375319475643,0.7218036287445011,0.627714336661779,0.6747589827031407,0.2984018143722526,0.2513571683308913,0.29840181437225255,0.29840181437225266,0.20431252228952984,0.25259987554974805,0.3442037531947564,0.25135716833089117,0.2984018143722526,0.7218036287445011,0.5806696906204188,0.3454464604136132,0.25259987554974805,0.2501144611120344,0.2864710068205508,0.0,0.0,0.0,0.0,0.0,0.0,0.0,0.0,0.0,0.0,0.0,0.0,0.0,0.0,0.0,0.0,0.0,0.0,0.0,0.0,0.0,0.0,0.0,0.0,0.0,0.0,0.0,0.0,0.0,0.0,0.0,0.0,0.0,0.0,0.0,0.0,0.0,0.0,0.0,0.0,0.0,0.0,0.0,0.0,0.0,0.0,0.0,0.0,0.0,0.0,0.0,0.0,0.0,0.0
0.5331262423888887,0.25135716833089133,0.25135716833089133,0.25135716833089133,0.25135716833089133,0.25135716833089133,0.39249110645497387,0.2984018143722526,0.2513571683308913,0.25135716833089133,0.25135716833089133,0.20431252228952987,0.2984018143722526,0.25135716833089133,0.2984018143722526,0.29840181437225266,0.25135716833089133,0.20431252228952984,0.25135716833089133,0.20431252228952984,0.25135716833089133,0.2513571683308913,0.2984018143722526,0.29840181437225266,0.2984018143722526,0.2984018143722526,0.3454464604136133,0.3924911064549739,0.2513571683308913,0.20555522950838673,0.2971591071533957,0.2984018143722526,0.3466891676324701,0.39124839923611715,0.25135716833089133,0.43953575249633475,0.25135716833089133,0.39249110645497404,0.34544646041361393,0.20431252228952987,0.20431252228952984,0.3454464604136138,0.3454464604136133,0.2984018143722526,0.25135716833089145,0.3454464604136132,0.39373381367383076,0.39124839923611704,0.39249110645497476,0.44077845971519247,0.344203753194757,0.39373381367383165,0.34420375319475643,0.7218036287445011,0.627714336661779,0.6747589827031407,0.2984018143722526,0.25135716833089133,0.29840181437225255,0.29840181437225266,0.20431252228952984,0.25259987554974817,0.3442037531947564,0.25135716833089133,0.2984018143722526,0.7218036287445011,0.5806696906204188,0.3454464604136132,0.25259987554974817,0.25011446111203445,0.2864710068205508,0.0,0.0,0.0,0.0,0.0,0.0,0.0,0.0,0.0,0.0,0.0,0.0,0.0,0.0,0.0,0.0,0.0,0.0,0.0,0.0,0.0,0.0,0.0,0.0,0.0,0.0,0.0,0.0,0.0,0.0,0.0,0.0,0.0,0.0,0.0,0.0,0.0,0.0,0.0,0.0,0.0,0.0,0.0,0.0,0.0,0.0,0.0,0.0,0.0,0.0,0.0,0.0,0.0,0.0
0.5318156767534874,0.25135716833089133,0.25135716833089133,0.25135716833089133,0.25135716833089133,0.25135716833089133,0.39249110645497387,0.29840181437225255,0.25135716833089133,0.25135716833089133,0.25135716833089133,0.20431252228952984,0.29840181437225255,0.25135716833089133,0.29840181437225255,0.2984018143722526,0.25135716833089133,0.20431252228952984,0.25135716833089133,0.20431252228952984,0.25135716833089133,0.25135716833089133,0.29840181437225255,0.2984018143722526,0.29840181437225255,0.29840181437225255,0.3454464604136132,0.3924911064549739,0.25135716833089133,0.20686579514378814,0.2958485415179943,0.29840181437225255,0.34799973326787154,0.3899378336007157,0.25135716833089133,0.43953575249633486,0.25135716833089133,0.39249110645497404,0.3454464604136138,0.20431252228952984,0.20431252228952984,0.3454464604136138,0.3454464604136133,0.29840181437225255,0.25135716833089133,0.34544646041361315,0.3950443793092321,0.3899378336007157,0.3924911064549747,0.44208902535059386,0.3428931875593556,0.39504437930923303,0.342893187559355,0.7218036287445013,0.627714336661779,0.6747589827031409,0.29840181437225255,0.25135716833089133,0.2984018143722525,0.2984018143722526,0.20431252228952984,0.25391044118514955,0.342893187559355,0.25135716833089133,0.29840181437225255,0.7218036287445013,0.5806696906204187,0.34544646041361315,0.25391044118514955,0.24880389547663304,0.28647100682055077,0.0,0.0,0.0,0.0,0.0,0.0,0.0,0.0,0.0,0.0,0.0,0.0,0.0,0.0,0.0,0.0,0.0,0.0,0.0,0.0,0.0,0.0,0.0,0.0,0.0,0.0,0.0,0.0,0.0,0.0,0.0,0.0,0.0,0.0,0.0,0.0,0.0,0.0,0.0,0.0,0.0,0.0,0.0,0.0,0.0,0.0,0.0,0.0,0.0,0.0,0.0,0.0,0.0,0.0
0.5684201908048997,0.3001944741638173,0.30019447416381734,0.3001944741638174,0.30019447416381734,0.30019447416381734,0.43595043291320545,0.34544646041361315,0.30019447416381734,0.3001944741638174,0.3001944741638174,0.25494248791402097,0.34544646041361315,0.30019447416381734,0.34544646041361315,0.34544646041361315,0.3001944741638174,0.25494248791402097,0.30019447416381734,0.25494248791402097,0.30019447416381734,0.3001944741638173,0.34544646041361315,0.3454464604136132,0.34544646041361315,0.34544646041361315,0.3906984466634094,0.43595043291320573,0.3001944741638173,0.25922056214329964,0.34116838618433454,0.34544646041361315,0.3949765208926881,0.43167235868392706,0.3001944741638174,0.48120241916300166,0.30019447416381734,0.43595043291320573,0.39069844666341025,0.25494248791402097,0.25494248791402097,0.3906984466634102,0.3906984466634095,0.34544646041361315,0.3001944741638177,0.3906984466634094,0.4402285071424841,0.43167235868392706,0.43595043291320645,0.4854804933922807,0.3864203724341315,0.4402285071424851,0.38642037243413085,0.7527143366617783,0.6622103641621861,0.7074623504119828,0.3454464604136132,0.3001944741638174,0.34544646041361315,0.34544646041361315,0.25494248791402097,0.3044725483930959,0.38642037243413074,0.3001944741638173,0.34544646041361315,0.7527143366617781,0.6169583779123905,0.3906984466634094,0.30447254839309584,0.29591639993453883,0.31206450853932577,0.0,0.0,0.0,0.0,0.0,0.0,0.0,0.0,0.0,0.0,0.0,0.0,0.0,0.0,0.0,0.0,0.0,0.0,0.0,0.0,0.0,0.0,0.0,0.0,0.0,0.0,0.0,0.0,0.0,0.0,0.0,0.0,0.0,0.0,0.0,0.0,0.0,0.0,0.0,0.0,0.0,0.0,0.0,0.0,0.0,0.0,0.0,0.0,0.0,0.0,0.0,0.0,0.0,0.0
0.6076458361271149,0.34903177999674345,0.34903177999674345,0.34903177999674356,0.34903177999674356,0.34903177999674345,0.4794097593714375,0.39249110645497487,0.34903177999674345,0.34903177999674356,0.34903177999674356,0.30557245353851203,0.39249110645497487,0.34903177999674356,0.39249110645497476,0.3924911064549749,0.34903177999674345,0.30557245353851215,0.3490317799967436,0.30557245353851203,0.34903177999674345,0.34903177999674345,0.39249110645497487,0.3924911064549749,0.39249110645497487,0.39249110645497476,0.43595043291320634,0.47940975937143765,0.34903177999674345,0.30895419787200823,0.3891093621214787,0.39249110645497487,0.4393321772467024,0.4760280150379414,0.34903177999674356,0.5228690858296687,0.34903177999674356,0.47940975937143765,0.43595043291320695,0.30557245353851203,0.30557245353851215,0.43595043291320695,0.43595043291320634,0.39249110645497487,0.34903177999674423,0.4359504329132061,0.4827915037049335,0.4760280150379414,0.4794097593714381,0.5262508301631651,0.4325686885797106,0.4827915037049342,0.43256868857971015,0.7836250445790555,0.6967063916625927,0.7401657181208248,0.39249110645497487,0.34903177999674356,0.39249110645497476,0.3924911064549749,0.30557245353851215,0.35241352433023976,0.4325686885797101,0.34903177999674345,0.39249110645497487,0.7836250445790555,0.6532470652043622,0.4359504329132062,0.35241352433023976,0.34565003566324737,0.3376580102581009,0.0,0.0,0.0,0.0,0.0,0.0,0.0,0.0,0.0,0.0,0.0,0.0,0.0,0.0,0.0,0.0,0.0,0.0,0.0,0.0,0.0,0.0,0.0,0.0,0.0,0.0,0.0,0.0,0.0,0.0,0.0,0.0,0.0,0.0,0.0,0.0,0.0,0.0,0.0,0.0,0.0,0.0,0.0,0.0,0.0,0.0,0.0,0.0,0.0,0.0,0.0,0.0,0.0,0.0
0.4939005970666738,0.20251986249796497,0.20251986249796497,0.20251986249796497,0.20251986249796503,0.20251986249796497,0.349031779996743,0.2513571683308909,0.20251986249796503,0.20251986249796497,0.20251986249796497,0.15368255666503863,0.2513571683308909,0.20251986249796497,0.25135716833089083,0.2513571683308909,0.20251986249796503,0.1536825566650386,0.20251986249796503,0.1536825566650386,0.20251986249796497,0.20251986249796497,0.25135716833089095,0.2513571683308909,0.2513571683308909,0.2513571683308909,0.30019447416381695,0.3490317799967432,0.20251986249796497,0.15582159377967794,0.24921813121625158,0.25135716833089095,0.3023335112784562,0.3468927428821038,0.20251986249796497,0.3978690858296687,0.20251986249796497,0.3490317799967432,0.30019447416381734,0.15368255666503863,0.1536825566650386,0.30019447416381734,0.3001944741638169,0.2513571683308909,0.20251986249796503,0.30019447416381695,0.3511708171113823,0.3468927428821038,0.34903177999674356,0.4000081229443086,0.298055437049178,0.35117081711138287,0.29805543704917753,0.6908929208272243,0.5932183091613723,0.6420556149942991,0.25135716833089083,0.20251986249796497,0.2513571683308909,0.2513571683308909,0.1536825566650386,0.20465889961260428,0.29805543704917764,0.20251986249796497,0.2513571683308909,0.6908929208272243,0.5443810033284473,0.3001944741638169,0.20465889961260433,0.2003808253833257,0.2608775051017751,0.0,0.0,0.0,0.0,0.0,0.0,0.0,0.0,0.0,0.0,0.0,0.0,0.0,0.0,0.0,0.0,0.0,0.0,0.0,0.0,0.0,0.0,0.0,0.0,0.0,0.0,0.0,0.0,0.0,0.0,0.0,0.0,0.0,0.0,0.0,0.0,0.0,0.0,0.0,0.0,0.0,0.0,0.0,0.0,0.0,0.0,0.0,0.0,0.0,0.0,0.0,0.0,0.0,0.0
0.46699652971249644,0.1558215937796781,0.1558215937796781,0.15451102814427672,0.15844272505048096,0.15582159377967814,0.3141964604136131,0.20555522950838703,0.1558215937796781,0.15451102814427672,0.15451102814427672,0.10477739241556783,0.20686579514378844,0.15451102814427672,0.20555522950838703,0.20817636077918986,0.15451102814427672,0.10346682678016643,0.15713215941507952,0.10477739241556783,0.15713215941507955,0.1558215937796781,0.20555522950838703,0.20555522950838703,0.20555522950838703,0.20686579514378844,0.2592205621432996,0.30895419787200756,0.1558215937796781,0.10560586389480572,0.20603732366455058,0.20555522950838703,0.25873846798713607,0.3055045951219668,0.15451102814427672,0.35999839923611693,0.15451102814427672,0.3128858947782117,0.2670839559557082,0.10608795805096921,0.10346682678016643,0.2592205621432998,0.2565994308724968,0.20686579514378844,0.15451102814427656,0.26184169341410235,0.3137143662574496,0.3068151607573682,0.3089541978720081,0.3673796988923626,0.25839209066406194,0.3110932349866474,0.2544603937578575,0.6715058699623809,0.5707280328695622,0.6191511029628702,0.20817636077918986,0.15451102814427672,0.20555522950838703,0.20555522950838703,0.10346682678016643,0.15665006525891603,0.2557709593932589,0.15582159377967814,0.20555522950838706,0.6701953043269795,0.5196838315054539,0.2579099965078982,0.15796063089431744,0.15237199102963744,0.24218320888308167,0.0,0.0,0.0,0.0,0.0,0.0,0.0,0.0,0.0,0.0,0.0,0.0,0.0,0.0,0.0,0.0,0.0,0.0,0.0,0.0,0.0,0.0,0.0,0.0,0.0,0.0,0.0,0.0,0.0,0.0,0.0,0.0,0.0,0.0,0.0,0.0,0.0,0.0,0.0,0.0,0.0,0.0,0.0,0.0,0.0,0.0,0.0,0.0,0.0,0.0,0.0,0.0,0.0,0.0
0.5208046644208496,0.24921813121625178,0.24921813121625178,0.2505286968516532,0.24659699994544898,0.24921813121625178,0.3838670995798725,0.29715910715339566,0.24921813121625178,0.2505286968516532,0.2505286968516532,0.20258772091450952,0.2958485415179944,0.2505286968516532,0.2971591071533957,0.294537975882593,0.2505286968516532,0.20389828654991093,0.2479075655808504,0.20258772091450952,0.24790756558085036,0.24921813121625175,0.2971591071533957,0.2971591071533957,0.29715910715339566,0.2958485415179943,0.34116838618433487,0.389109362121478,0.24921813121625178,0.20603732366455027,0.2923989387679536,0.2971591071533957,0.34592855456977695,0.38828089064224014,0.2505286968516532,0.43573977242321976,0.2505286968516532,0.38517766521527386,0.33330499237192696,0.20127715527910814,0.20389828654991093,0.3411683861843353,0.3437895174551377,0.2958485415179944,0.2505286968516535,0.338547254913532,0.38862726796531444,0.38697032500683876,0.3891093621214787,0.4326365469962542,0.3377187834342946,0.39124839923611804,0.3416504803404984,0.7102799716920665,0.6157085854531804,0.6649601270257265,0.2945379758825929,0.2505286968516532,0.29715910715339566,0.2971591071533957,0.20389828654991093,0.2526677339662925,0.34033991470509695,0.24921813121625178,0.29715910715339566,0.7115905373274678,0.5690781751514393,0.34247895181973625,0.25135716833089106,0.24838965973701388,0.2795718013204692,0.0,0.0,0.0,0.0,0.0,0.0,0.0,0.0,0.0,0.0,0.0,0.0,0.0,0.0,0.0,0.0,0.0,0.0,0.0,0.0,0.0,0.0,0.0,0.0,0.0,0.0,0.0,0.0,0.0,0.0,0.0,0.0,0.0,0.0,0.0,0.0,0.0,0.0,0.0,0.0,0.0,0.0,0.0,0.0,0.0,0.0,0.0,0.0,0.0,0.0,0.0,0.0,0.0,0.0
0.5331262423888888,0.251357168330891,0.251357168330891,0.251357168330891,0.25135716833089106,0.25135716833089106,0.3924911064549747,0.2984018143722525,0.251357168330891,0.251357168330891,0.251357168330891,0.20431252228952984,0.2984018143722525,0.25135716833089106,0.2984018143722525,0.2984018143722525,0.25135716833089106,0.20431252228952979,0.25135716833089106,0.20431252228952984,0.251357168330891,0.25135716833089095,0.2984018143722525,0.29840181437225255,0.2984018143722525,0.2984018143722525,0.34544646041361354,0.39249110645497476,0.251357168330891,0.20555522950838673,0.29715910715339566,0.2984018143722525,0.34668916763247026,0.391248399236118,0.251357168330891,0.4395357524963358,0.251357168330891,0.39249110645497487,0.3454464604136141,0.20431252228952987,0.20431252228952979,0.345446460413614,0.34544646041361354,0.2984018143722525,0.25135716833089117,0.3454464604136134,0.39373381367383153,0.39124839923611787,0.39249110645497526,0.4407784597151931,0.34420375319475705,0.3937338136738322,0.34420375319475666,0.7218036287445013,0.627714336661779,0.6747589827031407,0.2984018143722525,0.251357168330891,0.2984018143722525,0.29840181437225255,0.20431252228952979,0.2525998755497479,0.34420375319475666,0.25135716833089106,0.2984018143722525,0.7218036287445013,0.5806696906204187,0.34544646041361343,0.2525998755497479,0.25011446111203417,0.28647100682055066,0.0,0.0,0.0,0.0,0.0,0.0,0.0,0.0,0.0,0.0,0.0,0.0,0.0,0.0,0.0,0.0,0.0,0.0,0.0,0.0,0.0,0.0,0.0,0.0,0.0,0.0,0.0,0.0,0.0,0.0,0.0,0.0,0.0,0.0,0.0,0.0,0.0,0.0,0.0,0.0,0.0,0.0,0.0,0.0,0.0,0.0,0.0,0.0,0.0,0.0,0.0,0.0,0.0,0.0
0.5807417687729379,0.3023335112784568,0.3023335112784568,0.3010229456430555,0.30495464254925964,0.3023335112784568,0.4445744397883076,0.346689167632471,0.3023335112784568,0.3010229456430555,0.3010229456430555,0.2566672892890414,0.34799973326787237,0.3010229456430555,0.346689167632471,0.34931029890327386,0.30102294564305543,0.2553567236536399,0.3036440769138582,0.2566672892890414,0.30364407691385825,0.3023335112784567,0.346689167632471,0.34668916763247104,0.346689167632471,0.3479997332678723,0.3949765208926888,0.43933217724670215,0.30233351127845676,0.2587384679871362,0.34592855456977756,0.346689167632471,0.3957371339553821,0.43463986727780457,0.3010229456430555,0.48499839923611693,0.3010229456430555,0.4432638741529064,0.4028399147050976,0.2579778549244427,0.2553567236536399,0.3949765208926891,0.39235538962188604,0.3479997332678723,0.3010229456430557,0.3975976521634914,0.44533505285100083,0.43595043291320584,0.43933217724670276,0.4936224061112191,0.39290534219459433,0.442713921580199,0.3889736452883899,0.7642379937142133,0.674216115370784,0.7172612060893975,0.3493102989032738,0.3010229456430555,0.3466891676324709,0.34668916763247104,0.2553567236536399,0.3044046899765516,0.3902842109237911,0.3023335112784568,0.346689167632471,0.762927428078812,0.6285498933813694,0.3936659552572872,0.3057152556119529,0.29764120130955934,0.31896371403940765,0.0,0.0,0.0,0.0,0.0,0.0,0.0,0.0,0.0,0.0,0.0,0.0,0.0,0.0,0.0,0.0,0.0,0.0,0.0,0.0,0.0,0.0,0.0,0.0,0.0,0.0,0.0,0.0,0.0,0.0,0.0,0.0,0.0,0.0,0.0,0.0,0.0,0.0,0.0,0.0,0.0,0.0,0.0,0.0,0.0,0.0,0.0,0.0,0.0,0.0,0.0,0.0,0.0,0.0
0.5992559550652811,0.3468927428821047,0.3468927428821047,0.3482033085175062,0.34427161161130193,0.3468927428821047,0.470785752496336,0.39124839923611887,0.3468927428821047,0.3482033085175062,0.3482033085175062,0.303847652163492,0.38993783360071754,0.3482033085175062,0.39124839923611887,0.38862726796531627,0.3482033085175061,0.3051582177988935,0.34558217724670337,0.303847652163492,0.3455821772467033,0.34689274288210464,0.39124839923611887,0.39124839923611904,0.39124839923611887,0.3899378336007175,0.43167235868392845,0.4760280150379417,0.34689274288210464,0.30550459512196787,0.38828089064224164,0.39124839923611887,0.4346398672778057,0.4769922033502687,0.3482033085175062,0.5190731057565536,0.3482033085175062,0.4720963181317376,0.42380896487152026,0.3025370865280906,0.3051582177988935,0.43167235868392867,0.4342934899547313,0.38993783360071754,0.3482033085175064,0.42905122741312535,0.47375326109021315,0.47568163771486727,0.4760280150379423,0.514177220538023,0.4300154157254528,0.4763743923610167,0.4339471126316568,0.7721013875266217,0.684700640453995,0.7303668624434118,0.3886272679653161,0.3482033085175062,0.3912483992361188,0.39124839923611904,0.3051582177988935,0.3485496858405806,0.4326365469962553,0.3468927428821047,0.39124839923611887,0.7734119531620232,0.6416555497353834,0.4329829243193296,0.34723912020517905,0.3478569311944318,0.3307588047580204,0.0,0.0,0.0,0.0,0.0,0.0,0.0,0.0,0.0,0.0,0.0,0.0,0.0,0.0,0.0,0.0,0.0,0.0,0.0,0.0,0.0,0.0,0.0,0.0,0.0,0.0,0.0,0.0,0.0,0.0,0.0,0.0,0.0,0.0,0.0,0.0,0.0,0.0,0.0,0.0,0.0,0.0,0.0,0.0,0.0,0.0,0.0,0.0,0.0,0.0,0.0,0.0,0.0,0.0
0.49521116270207466,0.20251986249796503,0.20251986249796503,0.20251986249796503,0.20251986249796505,0.20251986249796503,0.349031779996743,0.25135716833089106,0.20251986249796503,0.20251986249796503,0.20251986249796503,0.15368255666503863,0.25135716833089117,0.20251986249796503,0.2513571683308911,0.2513571683308911,0.20251986249796508,0.1536825566650386,0.20251986249796503,0.1536825566650386,0.20251986249796503,0.20251986249796503,0.25135716833089106,0.2513571683308911,0.25135716833089106,0.25135716833089117,0.3001944741638175,0.3490317799967432,0.20251986249796503,0.15451102814427653,0.2505286968516532,0.25135716833089106,0.3010229456430555,0.3482033085175052,0.20251986249796503,0.3978690858296687,0.20251986249796503,0.3490317799967432,0.30019447416381767,0.15368255666503863,0.1536825566650386,0.3001944741638177,0.30019447416381756,0.2513571683308911,0.20251986249796494,0.3001944741638174,0.3498602514759809,0.3482033085175052,0.3490317799967436,0.39869755730890716,0.29936600268457975,0.3498602514759815,0.29936600268457964,0.6908929208272243,0.5932183091613723,0.6420556149942991,0.2513571683308911,0.20251986249796503,0.25135716833089106,0.2513571683308911,0.1536825566650386,0.20334833397720295,0.29936600268457964,0.20251986249796503,0.25135716833089106,0.6908929208272243,0.544381003328447,0.3001944741638174,0.20334833397720295,0.2016913910187271,0.2608775051017754,0.0,0.0,0.0,0.0,0.0,0.0,0.0,0.0,0.0,0.0,0.0,0.0,0.0,0.0,0.0,0.0,0.0,0.0,0.0,0.0,0.0,0.0,0.0,0.0,0.0,0.0,0.0,0.0,0.0,0.0,0.0,0.0,0.0,0.0,0.0,0.0,0.0,0.0,0.0,0.0,0.0,0.0,0.0,0.0,0.0,0.0,0.0,0.0,0.0,0.0,0.0,0.0,0.0,0.0
0.6455609158139294,0.3978690858296704,0.3978690858296704,0.3978690858296705,0.3978690858296704,0.3978690858296704,0.5228690858296694,0.4395357524963367,0.3978690858296704,0.3978690858296705,0.3978690858296705,0.35620241916300366,0.4395357524963367,0.3978690858296705,0.4395357524963367,0.43953575249633686,0.3978690858296704,0.3562024191630037,0.39786908582967045,0.35620241916300366,0.3978690858296704,0.3978690858296703,0.4395357524963367,0.43953575249633686,0.4395357524963367,0.4395357524963367,0.48120241916300327,0.5228690858296697,0.3978690858296703,0.3599983992361187,0.43573977242322154,0.4395357524963367,0.4849983992361185,0.5190731057565545,0.3978690858296705,0.5645357524963355,0.3978690858296705,0.5228690858296695,0.4812024191630036,0.3562024191630035,0.3562024191630037,0.48120241916300344,0.4812024191630034,0.4395357524963367,0.3978690858296708,0.48120241916300316,0.5266650659027846,0.5190731057565545,0.5228690858296701,0.5683317325694509,0.47740643908988833,0.526665065902785,0.4774064390898883,0.8145357524963335,0.7312024191630003,0.772869085829668,0.4395357524963367,0.3978690858296705,0.4395357524963366,0.43953575249633686,0.3562024191630037,0.40166506590278556,0.477406439089888,0.3978690858296704,0.4395357524963367,0.8145357524963335,0.6895357524963344,0.48120241916300327,0.40166506590278533,0.39407310575655535,0.36325151197687716,0.0,0.0,0.0,0.0,0.0,0.0,0.0,0.0,0.0,0.0,0.0,0.0,0.0,0.0,0.0,0.0,0.0,0.0,0.0,0.0,0.0,0.0,0.0,0.0,0.0,0.0,0.0,0.0,0.0,0.0,0.0,0.0,0.0,0.0,0.0,0.0,0.0,0.0,0.0,0.0,0.0,0.0,0.0,0.0,0.0,0.0,0.0,0.0,0.0,0.0,0.0,0.0,0.0,0.0
0.49521116270207466,0.20251986249796508,0.20251986249796508,0.20251986249796508,0.20251986249796508,0.20251986249796508,0.34903177999674306,0.25135716833089095,0.20251986249796508,0.20251986249796508,0.20251986249796508,0.15368255666503866,0.25135716833089095,0.20251986249796508,0.25135716833089095,0.25135716833089095,0.20251986249796514,0.15368255666503863,0.20251986249796508,0.15368255666503863,0.20251986249796508,0.20251986249796508,0.25135716833089095,0.25135716833089095,0.25135716833089095,0.25135716833089095,0.3001944741638172,0.3490317799967432,0.20251986249796508,0.15451102814427653,0.2505286968516531,0.25135716833089095,0.30102294564305515,0.3482033085175052,0.20251986249796508,0.3978690858296687,0.20251986249796508,0.3490317799967432,0.30019447416381767,0.15368255666503866,0.15368255666503863,0.30019447416381767,0.3001944741638173,0.25135716833089095,0.2025198624979649,0.3001944741638172,0.349860251475981,0.3482033085175052,0.3490317799967436,0.39869755730890727,0.29936600268457975,0.3498602514759816,0.29936600268457936,0.6908929208272239,0.5932183091613715,0.6420556149942986,0.25135716833089095,0.20251986249796508,0.25135716833089095,0.25135716833089095,0.15368255666503863,0.203348333977203,0.29936600268457936,0.20251986249796508,0.25135716833089095,0.6908929208272239,0.5443810033284466,0.3001944741638172,0.203348333977203,0.20169139101872718,0.2608775051017751,0.0,0.0,0.0,0.0,0.0,0.0,0.0,0.0,0.0,0.0,0.0,0.0,0.0,0.0,0.0,0.0,0.0,0.0,0.0,0.0,0.0,0.0,0.0,0.0,0.0,0.0,0.0,0.0,0.0,0.0,0.0,0.0,0.0,0.0,0.0,0.0,0.0,0.0,0.0,0.0,0.0,0.0,0.0,0.0,0.0,0.0,0.0,0.0,0.0,0.0,0.0,0.0,0.0,0.0
0.603714139220911,0.34903177999674395,0.34903177999674395,0.349031779996744,0.34903177999674384,0.34903177999674384,0.47940975937143787,0.39249110645497515,0.34903177999674395,0.349031779996744,0.349031779996744,0.30557245353851237,0.39249110645497526,0.349031779996744,0.39249110645497537,0.39249110645497526,0.34903177999674384,0.30557245353851237,0.34903177999674395,0.30557245353851237,0.34903177999674384,0.34903177999674384,0.39249110645497515,0.3924911064549753,0.39249110645497515,0.39249110645497526,0.4359504329132066,0.47940975937143787,0.34903177999674384,0.31288589477821277,0.38517766521527486,0.39249110645497515,0.4432638741529071,0.47209631813173747,0.349031779996744,0.5228690858296687,0.349031779996744,0.47940975937143776,0.43595043291320695,0.3055724535385123,0.30557245353851237,0.435950432913207,0.43595043291320684,0.39249110645497526,0.34903177999674434,0.43595043291320645,0.48672320061113805,0.4720963181317376,0.47940975937143815,0.5301825270693692,0.42863699167350666,0.4867232006111384,0.4286369916735065,0.7836250445790558,0.6967063916625928,0.7401657181208252,0.39249110645497526,0.349031779996744,0.3924911064549751,0.39249110645497526,0.30557245353851237,0.35634522123644424,0.42863699167350644,0.34903177999674384,0.39249110645497515,0.7836250445790558,0.6532470652043623,0.4359504329132068,0.35634522123644413,0.34171833875704366,0.3376580102581017,0.0,0.0,0.0,0.0,0.0,0.0,0.0,0.0,0.0,0.0,0.0,0.0,0.0,0.0,0.0,0.0,0.0,0.0,0.0,0.0,0.0,0.0,0.0,0.0,0.0,0.0,0.0,0.0,0.0,0.0,0.0,0.0,0.0,0.0,0.0,0.0,0.0,0.0,0.0,0.0,0.0,0.0,0.0,0.0,0.0,0.0,0.0,0.0,0.0,0.0,0.0,0.0,0.0,0.0
0.5605567969924906,0.30019447416381706,0.30019447416381706,0.30019447416381706,0.3001944741638171,0.30019447416381706,0.4359504329132056,0.34544646041361315,0.30019447416381706,0.30019447416381706,0.30019447416381706,0.25494248791402074,0.3454464604136132,0.30019447416381706,0.3454464604136133,0.3454464604136132,0.300194474163817,0.2549424879140207,0.3001944741638171,0.2549424879140207,0.300194474163817,0.300194474163817,0.3454464604136132,0.3454464604136133,0.34544646041361315,0.3454464604136132,0.3906984466634095,0.4359504329132058,0.300194474163817,0.2670839559557079,0.33330499237192623,0.3454464604136132,0.40283991470509645,0.42380896487151865,0.30019447416381706,0.4812024191630016,0.30019447416381706,0.43595043291320573,0.3906984466634102,0.2549424879140207,0.2549424879140207,0.39069844666341014,0.3906984466634096,0.34544646041361315,0.3001944741638178,0.3906984466634094,0.44809190095489254,0.42380896487151876,0.4359504329132064,0.49334388720468875,0.378556978621723,0.4480919009548932,0.3785569786217225,0.7527143366617778,0.6622103641621857,0.7074623504119827,0.3454464604136132,0.30019447416381706,0.34544646041361315,0.3454464604136132,0.2549424879140207,0.3123359422055041,0.3785569786217225,0.30019447416381706,0.34544646041361315,0.7527143366617778,0.6169583779123898,0.3906984466634096,0.31233594220550404,0.28805300612213,0.31206450853932544,0.0,0.0,0.0,0.0,0.0,0.0,0.0,0.0,0.0,0.0,0.0,0.0,0.0,0.0,0.0,0.0,0.0,0.0,0.0,0.0,0.0,0.0,0.0,0.0,0.0,0.0,0.0,0.0,0.0,0.0,0.0,0.0,0.0,0.0,0.0,0.0,0.0,0.0,0.0,0.0,0.0,0.0,0.0,0.0,0.0,0.0,0.0,0.0,0.0,0.0,0.0,0.0,0.0,0.0
0.4546749517444585,0.1536825566650387,0.1536825566650387,0.1536825566650387,0.1536825566650387,0.15368255666503866,0.30557245353851165,0.20431252228953,0.1536825566650387,0.1536825566650387,0.1536825566650387,0.10305259104054738,0.20431252228953,0.15368255666503866,0.20431252228953,0.20431252228953,0.15368255666503872,0.1030525910405474,0.1536825566650387,0.1030525910405474,0.15368255666503866,0.15368255666503872,0.20431252228953,0.20431252228953,0.20431252228953,0.20431252228953,0.2549424879140208,0.30557245353851176,0.15368255666503872,0.10608795805096916,0.20127715527910825,0.20431252228953,0.2579778549244425,0.30253708652809,0.1536825566650387,0.35620241916300266,0.1536825566650387,0.30557245353851176,0.25494248791402097,0.1030525910405474,0.1030525910405474,0.25494248791402097,0.25494248791402074,0.20431252228953,0.15368255666503863,0.2549424879140208,0.30860782054893343,0.30253708652809,0.30557245353851203,0.35923778617342467,0.25190712090359924,0.3086078205489339,0.25190712090359907,0.6599822129099471,0.5587222816609652,0.609352247285457,0.20431252228953,0.1536825566650387,0.20431252228953,0.20431252228953,0.1030525910405474,0.15671792367546047,0.25190712090359907,0.15368255666503866,0.20431252228953,0.6599822129099471,0.5080923160364753,0.25494248791402074,0.15671792367546042,0.1506471896546169,0.23528400338300012,0.0,0.0,0.0,0.0,0.0,0.0,0.0,0.0,0.0,0.0,0.0,0.0,0.0,0.0,0.0,0.0,0.0,0.0,0.0,0.0,0.0,0.0,0.0,0.0,0.0,0.0,0.0,0.0,0.0,0.0,0.0,0.0,0.0,0.0,0.0,0.0,0.0,0.0,0.0,0.0,0.0,0.0,0.0,0.0,0.0,0.0,0.0,0.0,0.0,0.0,0.0,0.0,0.0,0.0
0.45729608301526065,0.15368255666503883,0.15368255666503883,0.15368255666503883,0.15368255666503883,0.15368255666503883,0.30557245353851126,0.20431252228953017,0.15368255666503883,0.15368255666503883,0.15368255666503883,0.10305259104054745,0.20431252228953017,0.15368255666503883,0.20431252228953017,0.20431252228953017,0.15368255666503883,0.10305259104054745,0.15368255666503883,0.10305259104054745,0.15368255666503883,0.15368255666503883,0.20431252228953017,0.20431252228953017,0.20431252228953017,0.20431252228953015,0.2549424879140208,0.30557245353851126,0.15368255666503883,0.10346682678016643,0.2038982865499112,0.20431252228953017,0.25535672365363976,0.3051582177988923,0.15368255666503883,0.35620241916300166,0.15368255666503883,0.30557245353851126,0.25494248791402113,0.10305259104054745,0.10305259104054745,0.2549424879140212,0.2549424879140208,0.20431252228953017,0.15368255666503866,0.2549424879140208,0.3059866892781302,0.3051582177988923,0.30557245353851187,0.35661665490262145,0.2545282521744023,0.30598668927813083,0.25452825217440195,0.6599822129099463,0.5587222816609642,0.609352247285456,0.20431252228953017,0.15368255666503883,0.20431252228953017,0.20431252228953017,0.10305259104054745,0.15409679240465776,0.25452825217440195,0.15368255666503883,0.20431252228953017,0.6599822129099463,0.5080923160364749,0.2549424879140208,0.1540967924046578,0.15326832092541987,0.23528400338300015,0.0,0.0,0.0,0.0,0.0,0.0,0.0,0.0,0.0,0.0,0.0,0.0,0.0,0.0,0.0,0.0,0.0,0.0,0.0,0.0,0.0,0.0,0.0,0.0,0.0,0.0,0.0,0.0,0.0,0.0,0.0,0.0,0.0,0.0,0.0,0.0,0.0,0.0,0.0,0.0,0.0,0.0,0.0,0.0,0.0,0.0,0.0,0.0,0.0,0.0,0.0,0.0,0.0,0.0
0.5684201908049002,0.3001944741638174,0.3001944741638174,0.3001944741638175,0.3001944741638174,0.3001944741638174,0.43595043291320584,0.34544646041361393,0.3001944741638174,0.3001944741638175,0.3001944741638175,0.25494248791402097,0.34544646041361393,0.3001944741638174,0.345446460413614,0.345446460413614,0.3001944741638174,0.2549424879140209,0.3001944741638174,0.2549424879140209,0.3001944741638174,0.30019447416381734,0.34544646041361393,0.345446460413614,0.34544646041361393,0.34544646041361393,0.3906984466634102,0.435950432913206,0.3001944741638174,0.2592205621432996,0.3411683861843353,0.34544646041361393,0.3949765208926888,0.43167235868392734,0.3001944741638175,0.48120241916300227,0.3001944741638174,0.435950432913206,0.3906984466634105,0.2549424879140208,0.2549424879140209,0.3906984466634104,0.39069844666341025,0.34544646041361393,0.30019447416381767,0.39069844666341,0.44022850714248435,0.43167235868392745,0.43595043291320656,0.48548049339228094,0.3864203724341319,0.44022850714248524,0.3864203724341317,0.7527143366617789,0.6622103641621864,0.7074623504119835,0.345446460413614,0.3001944741638175,0.3454464604136138,0.345446460413614,0.2549424879140209,0.304472548393096,0.38642037243413163,0.3001944741638174,0.34544646041361393,0.7527143366617789,0.6169583779123907,0.39069844666341014,0.30447254839309595,0.29591639993453883,0.312064508539326,0.0,0.0,0.0,0.0,0.0,0.0,0.0,0.0,0.0,0.0,0.0,0.0,0.0,0.0,0.0,0.0,0.0,0.0,0.0,0.0,0.0,0.0,0.0,0.0,0.0,0.0,0.0,0.0,0.0,0.0,0.0,0.0,0.0,0.0,0.0,0.0,0.0,0.0,0.0,0.0,0.0,0.0,0.0,0.0,0.0,0.0,0.0,0.0,0.0,0.0,0.0,0.0,0.0,0.0
0.5710413220757024,0.3001944741638174,0.3001944741638174,0.3001944741638174,0.3001944741638174,0.3001944741638174,0.4359504329132058,0.3454464604136138,0.3001944741638174,0.3001944741638174,0.3001944741638174,0.25494248791402113,0.3454464604136138,0.3001944741638174,0.3454464604136138,0.34544646041361393,0.3001944741638174,0.25494248791402113,0.3001944741638174,0.25494248791402113,0.3001944741638174,0.3001944741638174,0.3454464604136138,0.34544646041361393,0.3454464604136138,0.3454464604136138,0.3906984466634102,0.435950432913206,0.3001944741638174,0.256599430872497,0.343789517455138,0.3454464604136138,0.39235538962188604,0.4342934899547302,0.3001944741638174,0.4812024191630016,0.3001944741638174,0.435950432913206,0.3906984466634106,0.2549424879140211,0.25494248791402113,0.3906984466634106,0.39069844666341025,0.3454464604136138,0.3001944741638178,0.39069844666340997,0.4376073758716815,0.4342934899547302,0.4359504329132066,0.4828593621214782,0.3890415037049347,0.43760737587168247,0.3890415037049344,0.7527143366617786,0.6622103641621856,0.7074623504119831,0.34544646041361393,0.3001944741638174,0.3454464604136138,0.34544646041361393,0.25494248791402113,0.30185141712229324,0.3890415037049344,0.3001944741638174,0.3454464604136138,0.7527143366617786,0.6169583779123902,0.39069844666341,0.3018514171222932,0.2985375312053416,0.31206450853932594,0.0,0.0,0.0,0.0,0.0,0.0,0.0,0.0,0.0,0.0,0.0,0.0,0.0,0.0,0.0,0.0,0.0,0.0,0.0,0.0,0.0,0.0,0.0,0.0,0.0,0.0,0.0,0.0,0.0,0.0,0.0,0.0,0.0,0.0,0.0,0.0,0.0,0.0,0.0,0.0,0.0,0.0,0.0,0.0,0.0,0.0,0.0,0.0,0.0,0.0,0.0,0.0,0.0,0.0
0.5318156767534876,0.25135716833089133,0.25135716833089133,0.25135716833089133,0.25135716833089145,0.25135716833089133,0.39249110645497487,0.29840181437225255,0.25135716833089133,0.25135716833089133,0.25135716833089133,0.20431252228952979,0.2984018143722525,0.25135716833089145,0.2984018143722525,0.29840181437225255,0.25135716833089133,0.20431252228952979,0.25135716833089145,0.20431252228952979,0.25135716833089133,0.25135716833089133,0.2984018143722525,0.29840181437225255,0.2984018143722525,0.2984018143722525,0.3454464604136138,0.3924911064549751,0.25135716833089133,0.20686579514378806,0.2958485415179942,0.2984018143722525,0.3479997332678721,0.38993783360071677,0.25135716833089133,0.4395357524963358,0.25135716833089145,0.3924911064549751,0.3454464604136141,0.20431252228952979,0.20431252228952979,0.3454464604136141,0.3454464604136138,0.2984018143722525,0.25135716833089133,0.3454464604136137,0.39504437930923303,0.38993783360071677,0.3924911064549753,0.4420890253505944,0.34289318755935577,0.39504437930923364,0.34289318755935555,0.721803628744502,0.6277143366617796,0.6747589827031418,0.2984018143722525,0.25135716833089133,0.2984018143722525,0.29840181437225255,0.20431252228952979,0.2539104411851496,0.3428931875593555,0.25135716833089145,0.2984018143722525,0.721803628744502,0.5806696906204192,0.3454464604136137,0.2539104411851496,0.24880389547663315,0.28647100682055077,0.0,0.0,0.0,0.0,0.0,0.0,0.0,0.0,0.0,0.0,0.0,0.0,0.0,0.0,0.0,0.0,0.0,0.0,0.0,0.0,0.0,0.0,0.0,0.0,0.0,0.0,0.0,0.0,0.0,0.0,0.0,0.0,0.0,0.0,0.0,0.0,0.0,0.0,0.0,0.0,0.0,0.0,0.0,0.0,0.0,0.0,0.0,0.0,0.0,0.0,0.0,0.0,0.0,0.0
0.49521116270207405,0.20251986249796508,0.20251986249796508,0.20251986249796508,0.20251986249796508,0.20251986249796514,0.349031779996742,0.25135716833089095,0.20251986249796508,0.20251986249796508,0.20251986249796508,0.1536825566650387,0.25135716833089095,0.20251986249796508,0.25135716833089095,0.25135716833089095,0.20251986249796514,0.1536825566650387,0.20251986249796508,0.1536825566650387,0.20251986249796508,0.20251986249796514,0.25135716833089095,0.25135716833089095,0.25135716833089095,0.25135716833089095,0.30019447416381645,0.349031779996742,0.20251986249796514,0.15451102814427659,0.250528696851653,0.25135716833089095,0.3010229456430544,0.34820330851750414,0.20251986249796508,0.3978690858296676,0.20251986249796508,0.3490317799967421,0.3001944741638172,0.1536825566650387,0.1536825566650387,0.30019447416381717,0.30019447416381645,0.25135716833089095,0.20251986249796508,0.3001944741638165,0.34986025147598,0.34820330851750414,0.349031779996743,0.39869755730890655,0.29936600268457925,0.3498602514759809,0.2993660026845785,0.6908929208272238,0.5932183091613715,0.6420556149942982,0.25135716833089095,0.20251986249796508,0.25135716833089095,0.25135716833089095,0.15368255666503866,0.203348333977203,0.2993660026845786,0.20251986249796508,0.25135716833089095,0.6908929208272238,0.5443810033284466,0.30019447416381645,0.203348333977203,0.20169139101872718,0.2608775051017751,0.0,0.0,0.0,0.0,0.0,0.0,0.0,0.0,0.0,0.0,0.0,0.0,0.0,0.0,0.0,0.0,0.0,0.0,0.0,0.0,0.0,0.0,0.0,0.0,0.0,0.0,0.0,0.0,0.0,0.0,0.0,0.0,0.0,0.0,0.0,0.0,0.0,0.0,0.0,0.0,0.0,0.0,0.0,0.0,0.0,0.0,0.0,0.0,0.0,0.0,0.0,0.0,0.0,0.0
0.5657990595340968,0.3001944741638174,0.3001944741638174,0.3001944741638174,0.3001944741638174,0.3001944741638174,0.4359504329132056,0.3454464604136133,0.3001944741638174,0.3001944741638174,0.3001944741638174,0.2549424879140211,0.3454464604136133,0.3001944741638174,0.3454464604136132,0.3454464604136133,0.3001944741638174,0.2549424879140211,0.3001944741638174,0.2549424879140211,0.3001944741638174,0.3001944741638174,0.3454464604136133,0.3454464604136133,0.3454464604136133,0.3454464604136133,0.3906984466634096,0.43595043291320584,0.3001944741638174,0.26184169341410246,0.3385472549135319,0.3454464604136133,0.3975976521634911,0.42905122741312435,0.3001944741638174,0.48120241916300194,0.3001944741638174,0.43595043291320584,0.39069844666341036,0.25494248791402097,0.2549424879140211,0.39069844666341036,0.3906984466634096,0.3454464604136133,0.30019447416381784,0.3906984466634095,0.44284963841328706,0.42905122741312446,0.43595043291320656,0.48810162466308366,0.38379924116332875,0.44284963841328806,0.38379924116332814,0.752714336661778,0.6622103641621855,0.7074623504119826,0.3454464604136133,0.3001944741638174,0.3454464604136132,0.3454464604136133,0.2549424879140211,0.3070936796638988,0.38379924116332814,0.3001944741638174,0.3454464604136133,0.752714336661778,0.6169583779123902,0.3906984466634095,0.3070936796638987,0.2932952686637361,0.3120645085393258,0.0,0.0,0.0,0.0,0.0,0.0,0.0,0.0,0.0,0.0,0.0,0.0,0.0,0.0,0.0,0.0,0.0,0.0,0.0,0.0,0.0,0.0,0.0,0.0,0.0,0.0,0.0,0.0,0.0,0.0,0.0,0.0,0.0,0.0,0.0,0.0,0.0,0.0,0.0,0.0,0.0,0.0,0.0,0.0,0.0,0.0,0.0,0.0,0.0,0.0,0.0,0.0,0.0,0.0
0.614725151553549,0.3511708171113832,0.3511708171113832,0.349860251475982,0.3537919483821861,0.3511708171113832,0.48803376624653966,0.39373381367383253,0.3511708171113832,0.349860251475982,0.349860251475982,0.30729725491353277,0.39504437930923386,0.349860251475982,0.3937338136738326,0.39635494494463536,0.3498602514759818,0.30598668927813144,0.35248138274678464,0.30729725491353277,0.35248138274678464,0.35117081711138315,0.39373381367383253,0.3937338136738326,0.39373381367383253,0.39504437930923386,0.4402285071424857,0.48279150370493434,0.35117081711138315,0.3137143662574507,0.3886272679653159,0.39373381367383253,0.4453350528510022,0.4737532610902135,0.349860251475982,0.5266650659027845,0.349860251475982,0.48672320061113844,0.44809190095489404,0.30860782054893415,0.30598668927813144,0.4402285071424857,0.43760737587168297,0.39504437930923386,0.349860251475982,0.4428496384132881,0.4931403119550562,0.475063826725615,0.48279150370493473,0.5396350054237095,0.4338113957985678,0.4905191806842538,0.42987969889236366,0.7951487016314911,0.7087121428711917,0.7499645737982403,0.39635494494463536,0.349860251475982,0.39373381367383237,0.3937338136738326,0.30598668927813144,0.3575879284553012,0.43119026452776493,0.3511708171113832,0.39373381367383253,0.7938381359960897,0.664838580673342,0.4389179415070842,0.3588984940907024,0.3421325744966626,0.34455721575818327,0.0,0.0,0.0,0.0,0.0,0.0,0.0,0.0,0.0,0.0,0.0,0.0,0.0,0.0,0.0,0.0,0.0,0.0,0.0,0.0,0.0,0.0,0.0,0.0,0.0,0.0,0.0,0.0,0.0,0.0,0.0,0.0,0.0,0.0,0.0,0.0,0.0,0.0,0.0,0.0,0.0,0.0,0.0,0.0,0.0,0.0,0.0,0.0,0.0,0.0,0.0,0.0,0.0,0.0
0.5979453894298788,0.3468927428821042,0.3468927428821041,0.3482033085175056,0.3442716116113013,0.3468927428821041,0.47078575249633503,0.391248399236118,0.3468927428821042,0.3482033085175056,0.3482033085175056,0.30384765216349163,0.38993783360071665,0.3482033085175057,0.391248399236118,0.38862726796531527,0.34820330851750547,0.30515821779889307,0.34558217724670276,0.30384765216349163,0.34558217724670276,0.34689274288210403,0.391248399236118,0.39124839923611815,0.391248399236118,0.38993783360071665,0.43167235868392734,0.4760280150379408,0.34689274288210403,0.30681516075736887,0.38697032500683937,0.391248399236118,0.43595043291320584,0.47568163771486627,0.3482033085175056,0.5190731057565527,0.3482033085175057,0.4720963181317366,0.42380896487151976,0.30253708652809025,0.30515821779889307,0.43167235868392817,0.4342934899547302,0.38993783360071665,0.34820330851750636,0.42905122741312435,0.4750638267256136,0.47437107207946494,0.4760280150379414,0.5154877861734236,0.42870485009005094,0.4776849579964173,0.4326365469962543,0.7721013875266209,0.6847006404539947,0.7303668624434106,0.3886272679653152,0.3482033085175056,0.391248399236118,0.39124839923611815,0.30515821779889307,0.3498602514759813,0.4313259813608529,0.3468927428821042,0.391248399236118,0.7734119531620223,0.6416555497353832,0.43298292431932855,0.34854968584057994,0.3465463655590298,0.3307588047580196,0.0,0.0,0.0,0.0,0.0,0.0,0.0,0.0,0.0,0.0,0.0,0.0,0.0,0.0,0.0,0.0,0.0,0.0,0.0,0.0,0.0,0.0,0.0,0.0,0.0,0.0,0.0,0.0,0.0,0.0,0.0,0.0,0.0,0.0,0.0,0.0,0.0,0.0,0.0,0.0,0.0,0.0,0.0,0.0,0.0,0.0,0.0,0.0,0.0,0.0,0.0,0.0,0.0,0.0
0.6076458361271152,0.34903177999674356,0.34903177999674356,0.3490317799967436,0.3490317799967436,0.34903177999674356,0.47940975937143754,0.3924911064549749,0.34903177999674356,0.3490317799967436,0.3490317799967436,0.30557245353851203,0.3924911064549749,0.3490317799967436,0.3924911064549749,0.3924911064549749,0.34903177999674345,0.30557245353851215,0.3490317799967436,0.30557245353851203,0.34903177999674345,0.34903177999674345,0.3924911064549749,0.39249110645497504,0.39249110645497487,0.3924911064549749,0.4359504329132064,0.47940975937143787,0.34903177999674345,0.30895419787200823,0.3891093621214787,0.3924911064549749,0.4393321772467026,0.4760280150379416,0.3490317799967436,0.5228690858296691,0.3490317799967436,0.47940975937143787,0.43595043291320684,0.30557245353851203,0.30557245353851215,0.4359504329132068,0.43595043291320645,0.39249110645497487,0.3490317799967442,0.43595043291320623,0.4827915037049337,0.4760280150379416,0.4794097593714379,0.5262508301631649,0.4325686885797106,0.4827915037049342,0.4325686885797103,0.783625044579056,0.6967063916625935,0.7401657181208253,0.3924911064549749,0.3490317799967436,0.39249110645497476,0.3924911064549749,0.30557245353851215,0.35241352433023976,0.4325686885797102,0.34903177999674356,0.3924911064549749,0.783625044579056,0.6532470652043626,0.43595043291320634,0.35241352433023976,0.3456500356632474,0.33765801025810105,0.0,0.0,0.0,0.0,0.0,0.0,0.0,0.0,0.0,0.0,0.0,0.0,0.0,0.0,0.0,0.0,0.0,0.0,0.0,0.0,0.0,0.0,0.0,0.0,0.0,0.0,0.0,0.0,0.0,0.0,0.0,0.0,0.0,0.0,0.0,0.0,0.0,0.0,0.0,0.0,0.0,0.0,0.0,0.0,0.0,0.0,0.0,0.0,0.0,0.0,0.0,0.0,0.0,0.0
0.6500190999695599,0.40000812294430943,0.40000812294430943,0.39869755730890827,0.40262925421511236,0.40000812294430943,0.5314930927047713,0.44077845971519336,0.40000812294430954,0.39869755730890827,0.39869755730890827,0.35792722053802384,0.4420890253505948,0.39869755730890827,0.4407784597151936,0.44339959098599635,0.39869755730890805,0.3566166549026226,0.4013186885797109,0.35792722053802384,0.40131868857971087,0.4000081229443094,0.44077845971519336,0.4407784597151935,0.44077845971519336,0.4420890253505948,0.4854804933922817,0.5262508301631657,0.4000081229443094,0.36737969889236355,0.43263654699625514,0.44077845971519336,0.4936224061112198,0.5141772205380235,0.39869755730890827,0.5683317325694507,0.39869755730890816,0.5301825270693697,0.49334388720469025,0.3592377861734253,0.3566166549026226,0.48548049339228166,0.48285936212147895,0.4420890253505948,0.3986975573089085,0.4881016246630842,0.5396350054237095,0.5154877861734247,0.5262508301631658,0.5843370391007974,0.476028015037942,0.5370138741529067,0.47209631813173797,0.8260594095487682,0.743208170371599,0.7826679415070822,0.44339959098599613,0.39869755730890827,0.44077845971519325,0.4407784597151935,0.3566166549026226,0.40946060129864925,0.47340688376713924,0.40000812294430943,0.44077845971519336,0.8247488439133669,0.7011272679653135,0.48416992775688045,0.41077116693405047,0.3879345133191671,0.3701507174769585,0.0,0.0,0.0,0.0,0.0,0.0,0.0,0.0,0.0,0.0,0.0,0.0,0.0,0.0,0.0,0.0,0.0,0.0,0.0,0.0,0.0,0.0,0.0,0.0,0.0,0.0,0.0,0.0,0.0,0.0,0.0,0.0,0.0,0.0,0.0,0.0,0.0,0.0,0.0,0.0,0.0,0.0,0.0,0.0,0.0,0.0,0.0,0.0,0.0,0.0,0.0,0.0,0.0,0.0
0.5574091784722627,0.29805543704917836,0.29805543704917836,0.29936600268457975,0.29543430577837554,0.2980554370491783,0.4273264260381042,0.34420375319475743,0.2980554370491783,0.29936600268457975,0.29936600268457975,0.2532176865390007,0.34289318755935605,0.2993660026845798,0.3442037531947574,0.34158262192395467,0.29936600268457975,0.2545282521744021,0.296744871413777,0.25321768653900073,0.2967448714137769,0.29805543704917825,0.3442037531947574,0.3442037531947575,0.34420375319475743,0.34289318755935605,0.3864203724341317,0.4325686885797099,0.2980554370491783,0.25839209066406177,0.3377187834342949,0.3442037531947574,0.39290534219459405,0.43001541572545166,0.29936600268457975,0.4774064390898868,0.29936600268457975,0.42863699167350583,0.3785569786217236,0.25190712090359924,0.2545282521744021,0.3864203724341319,0.3890415037049345,0.342893187559356,0.29936600268457986,0.3837992411633287,0.4338113957985665,0.42870485009005027,0.4325686885797104,0.4760280150379413,0.3812459683090708,0.4364325270693701,0.3851776652152748,0.7411906796093445,0.6502046129535883,0.6976634947345696,0.34158262192395455,0.29936600268457975,0.3442037531947573,0.3442037531947575,0.2545282521744021,0.3032298411742394,0.38386709957987336,0.2980554370491783,0.3442037531947574,0.7425012452447459,0.6053668624434118,0.38773093806953296,0.3019192755388379,0.2955021641949201,0.305165303039245,0.0,0.0,0.0,0.0,0.0,0.0,0.0,0.0,0.0,0.0,0.0,0.0,0.0,0.0,0.0,0.0,0.0,0.0,0.0,0.0,0.0,0.0,0.0,0.0,0.0,0.0,0.0,0.0,0.0,0.0,0.0,0.0,0.0,0.0,0.0,0.0,0.0,0.0,0.0,0.0,0.0,0.0,0.0,0.0,0.0,0.0,0.0,0.0,0.0,0.0,0.0,0.0,0.0,0.0
0.6173462828243517,0.35117081711138315,0.35117081711138315,0.3498602514759818,0.353791948382186,0.35117081711138315,0.48803376624653994,0.39373381367383214,0.35117081711138315,0.3498602514759818,0.3498602514759818,0.30729725491353266,0.3950443793092337,0.3498602514759818,0.39373381367383237,0.39635494494463513,0.3498602514759817,0.3059866892781313,0.3524813827467846,0.30729725491353266,0.3524813827467846,0.351170817111383,0.3937338136738322,0.39373381367383237,0.3937338136738322,0.3950443793092337,0.4402285071424855,0.48279150370493473,0.351170817111383,0.31109323498664776,0.39124839923611854,0.3937338136738322,0.4427139215801994,0.47637439236101675,0.3498602514759818,0.526665065902785,0.3498602514759818,0.48672320061113894,0.4480919009548942,0.30860782054893404,0.3059866892781313,0.44022850714248574,0.43760737587168286,0.39504437930923353,0.349860251475982,0.44284963841328806,0.4905191806842535,0.47768495799641814,0.48279150370493457,0.5370138741529067,0.4364325270693706,0.4878980494134511,0.4325008301631663,0.795148701631491,0.7087121428711916,0.74996457379824,0.39635494494463513,0.3498602514759818,0.39373381367383203,0.39373381367383237,0.3059866892781313,0.35496679718449825,0.4338113957985676,0.35117081711138315,0.3937338136738322,0.7938381359960897,0.6648385806733418,0.438917941507084,0.35627736281989963,0.3447537057674653,0.34455721575818293,0.0,0.0,0.0,0.0,0.0,0.0,0.0,0.0,0.0,0.0,0.0,0.0,0.0,0.0,0.0,0.0,0.0,0.0,0.0,0.0,0.0,0.0,0.0,0.0,0.0,0.0,0.0,0.0,0.0,0.0,0.0,0.0,0.0,0.0,0.0,0.0,0.0,0.0,0.0,0.0,0.0,0.0,0.0,0.0,0.0,0.0,0.0,0.0,0.0,0.0,0.0,0.0,0.0,0.0
0.5613408753784668,0.29805543704917814,0.29805543704917814,0.2993660026845796,0.2954343057783753,0.29805543704917814,0.4273264260381038,0.3442037531947564,0.29805543704917814,0.2993660026845796,0.2993660026845796,0.25321768653900056,0.342893187559355,0.2993660026845796,0.3442037531947564,0.34158262192395367,0.29936600268457947,0.25452825217440195,0.29674487141377676,0.25321768653900056,0.29674487141377676,0.29805543704917814,0.3442037531947564,0.34420375319475643,0.3442037531947564,0.342893187559355,0.3864203724341309,0.4325686885797096,0.2980554370491781,0.2544603937578574,0.34165048034049816,0.3442037531947564,0.3889736452883891,0.4339471126316556,0.2993660026845796,0.4774064390898869,0.2993660026845796,0.42863699167350544,0.37855697862172333,0.25190712090359907,0.25452825217440195,0.38642037243413163,0.3890415037049337,0.342893187559355,0.29936600268457997,0.383799241163328,0.429879698892362,0.4326365469962541,0.4325686885797103,0.4720963181317372,0.38517766521527474,0.4325008301631658,0.3891093621214783,0.7411906796093437,0.6502046129535878,0.6976634947345685,0.3415826219239536,0.2993660026845796,0.3442037531947563,0.34420375319475643,0.25452825217440195,0.299298144268035,0.3877987964860768,0.29805543704917814,0.3442037531947564,0.742501245244745,0.6053668624434114,0.38773093806953224,0.29798757863263353,0.2994338611011241,0.30516530303924455,0.0,0.0,0.0,0.0,0.0,0.0,0.0,0.0,0.0,0.0,0.0,0.0,0.0,0.0,0.0,0.0,0.0,0.0,0.0,0.0,0.0,0.0,0.0,0.0,0.0,0.0,0.0,0.0,0.0,0.0,0.0,0.0,0.0,0.0,0.0,0.0,0.0,0.0,0.0,0.0,0.0,0.0,0.0,0.0,0.0,0.0,0.0,0.0,0.0,0.0,0.0,0.0,0.0,0.0
0.8678091313932083,0.6908929208272284,0.6908929208272284,0.6908929208272286,0.6908929208272289,0.6908929208272284,0.7836250445790593,0.7218036287445057,0.6908929208272284,0.6908929208272286,0.6908929208272286,0.6599822129099514,0.7218036287445053,0.6908929208272286,0.721803628744506,0.7218036287445055,0.6908929208272292,0.6599822129099515,0.690892920827228,0.6599822129099514,0.6908929208272284,0.6908929208272288,0.7218036287445058,0.7218036287445055,0.7218036287445058,0.7218036287445053,0.7527143366617822,0.7836250445790591,0.6908929208272288,0.6715058699623861,0.7102799716920708,0.7218036287445058,0.7642379937142169,0.7721013875266255,0.6908929208272286,0.8145357524963358,0.6908929208272286,0.7836250445790589,0.7527143366617828,0.6599822129099514,0.6599822129099515,0.7527143366617821,0.7527143366617824,0.7218036287445053,0.6908929208272292,0.752714336661782,0.7951487016314939,0.772101387526625,0.7836250445790595,0.82605940954877,0.7411906796093481,0.7951487016314934,0.7411906796093485,0.9999999999999993,0.938178584165445,0.9690892920827222,0.7218036287445055,0.6908929208272286,0.7218036287445061,0.7218036287445055,0.6599822129099515,0.7024165778796628,0.7411906796093483,0.6908929208272284,0.7218036287445058,0.9999999999999997,0.9072678762481661,0.7527143366617828,0.7024165778796628,0.6793692637747945,0.5168125222895297,0.0,0.0,0.0,0.0,0.0,0.0,0.0,0.0,0.0,0.0,0.0,0.0,0.0,0.0,0.0,0.0,0.0,0.0,0.0,0.0,0.0,0.0,0.0,0.0,0.0,0.0,0.0,0.0,0.0,0.0,0.0,0.0,0.0,0.0,0.0,0.0,0.0,0.0,0.0,0.0,0.0,0.0,0.0,0.0,0.0,0.0,0.0,0.0,0.0,0.0,0.0,0.0,0.0,0.0
0.7906684063841776,0.5932183091613751,0.5932183091613751,0.5932183091613753,0.5932183091613755,0.5932183091613752,0.6967063916625951,0.627714336661782,0.5932183091613752,0.5932183091613754,0.5932183091613753,0.5587222816609686,0.6277143366617819,0.5932183091613754,0.6277143366617823,0.627714336661782,0.5932183091613755,0.5587222816609687,0.5932183091613749,0.5587222816609686,0.5932183091613753,0.5932183091613753,0.627714336661782,0.6277143366617819,0.627714336661782,0.6277143366617819,0.6622103641621886,0.6967063916625951,0.5932183091613753,0.5707280328695666,0.6157085854531839,0.627714336661782,0.6742161153707864,0.6847006404539977,0.5932183091613754,0.7312024191630015,0.5932183091613754,0.6967063916625951,0.6622103641621889,0.5587222816609686,0.5587222816609687,0.6622103641621886,0.6622103641621886,0.6277143366617819,0.5932183091613761,0.6622103641621884,0.7087121428711931,0.6847006404539975,0.6967063916625953,0.7432081703715991,0.6502046129535909,0.7087121428711929,0.650204612953591,0.9381785841654435,0.8691865291646287,0.9036825566650372,0.6277143366617819,0.5932183091613753,0.6277143366617822,0.6277143366617819,0.5587222816609687,0.6052240603699731,0.6502046129535909,0.5932183091613752,0.6277143366617822,0.9381785841654434,0.8346905016642215,0.6622103641621888,0.6052240603699731,0.5812125579527777,0.46562551885197845,0.0,0.0,0.0,0.0,0.0,0.0,0.0,0.0,0.0,0.0,0.0,0.0,0.0,0.0,0.0,0.0,0.0,0.0,0.0,0.0,0.0,0.0,0.0,0.0,0.0,0.0,0.0,0.0,0.0,0.0,0.0,0.0,0.0,0.0,0.0,0.0,0.0,0.0,0.0,0.0,0.0,0.0,0.0,0.0,0.0,0.0,0.0,0.0,0.0,0.0,0.0,0.0,0.0,0.0
0.8312046173417946,0.6420556149943015,0.6420556149943015,0.6420556149943019,0.6420556149943021,0.6420556149943016,0.7401657181208269,0.6747589827031437,0.6420556149943016,0.6420556149943019,0.6420556149943019,0.60935224728546,0.6747589827031434,0.6420556149943019,0.6747589827031438,0.6747589827031434,0.6420556149943022,0.6093522472854601,0.6420556149943012,0.6093522472854599,0.6420556149943016,0.6420556149943019,0.6747589827031437,0.6747589827031434,0.6747589827031437,0.6747589827031434,0.707462350411985,0.7401657181208268,0.6420556149943017,0.6191511029628743,0.6649601270257292,0.6747589827031437,0.717261206089399,0.7303668624434133,0.6420556149943019,0.7728690858296682,0.6420556149943019,0.7401657181208268,0.7074623504119855,0.60935224728546,0.6093522472854601,0.707462350411985,0.7074623504119851,0.6747589827031434,0.6420556149943023,0.7074623504119848,0.7499645737982409,0.730366862443413,0.7401657181208272,0.7826679415070822,0.6976634947345712,0.7499645737982407,0.6976634947345712,0.9690892920827204,0.9036825566650362,0.9363859243738794,0.6747589827031434,0.6420556149943019,0.6747589827031438,0.6747589827031434,0.6093522472854601,0.6518544706717159,0.6976634947345712,0.6420556149943016,0.6747589827031438,0.9690892920827203,0.8709791889561933,0.7074623504119855,0.6518544706717156,0.632256759316888,0.4912190205707539,0.0,0.0,0.0,0.0,0.0,0.0,0.0,0.0,0.0,0.0,0.0,0.0,0.0,0.0,0.0,0.0,0.0,0.0,0.0,0.0,0.0,0.0,0.0,0.0,0.0,0.0,0.0,0.0,0.0,0.0,0.0,0.0,0.0,0.0,0.0,0.0,0.0,0.0,0.0,0.0,0.0,0.0,0.0,0.0,0.0,0.0,0.0,0.0,0.0,0.0,0.0,0.0,0.0,0.0
0.5305051111180856,0.25135716833089117,0.25135716833089117,0.25135716833089117,0.25135716833089117,0.25135716833089117,0.39249110645497387,0.2984018143722526,0.25135716833089117,0.25135716833089117,0.25135716833089117,0.20431252228952984,0.29840181437225266,0.25135716833089117,0.2984018143722526,0.29840181437225266,0.25135716833089117,0.20431252228952984,0.25135716833089117,0.20431252228952987,0.2513571683308911,0.25135716833089117,0.29840181437225266,0.29840181437225266,0.2984018143722526,0.29840181437225266,0.3454464604136134,0.39249110645497404,0.25135716833089117,0.20817636077918955,0.294537975882593,0.29840181437225266,0.34931029890327286,0.3886272679653144,0.25135716833089117,0.43953575249633475,0.25135716833089117,0.39249110645497404,0.34544646041361393,0.20431252228952984,0.20431252228952984,0.3454464604136138,0.3454464604136134,0.29840181437225266,0.25135716833089133,0.3454464604136133,0.3963549449446335,0.38862726796531444,0.39249110645497476,0.4433995909859953,0.3415826219239542,0.3963549449446344,0.3415826219239538,0.7218036287445011,0.627714336661779,0.6747589827031407,0.2984018143722526,0.25135716833089117,0.29840181437225255,0.29840181437225266,0.20431252228952984,0.2552210068205508,0.3415826219239537,0.25135716833089117,0.29840181437225266,0.7218036287445012,0.5806696906204187,0.3454464604136133,0.2552210068205508,0.2474933298412315,0.2864710068205508,0.0,0.0,0.0,0.0,0.0,0.0,0.0,0.0,0.0,0.0,0.0,0.0,0.0,0.0,0.0,0.0,0.0,0.0,0.0,0.0,0.0,0.0,0.0,0.0,0.0,0.0,0.0,0.0,0.0,0.0,0.0,0.0,0.0,0.0,0.0,0.0,0.0,0.0,0.0,0.0,0.0,0.0,0.0,0.0,0.0,0.0,0.0,0.0,0.0,0.0,0.0,0.0,0.0,0.0
0.49521116270207466,0.20251986249796505,0.20251986249796505,0.20251986249796503,0.20251986249796508,0.20251986249796503,0.349031779996743,0.25135716833089106,0.20251986249796505,0.20251986249796503,0.20251986249796503,0.15368255666503863,0.25135716833089117,0.20251986249796505,0.25135716833089117,0.2513571683308911,0.20251986249796508,0.15368255666503863,0.20251986249796505,0.1536825566650386,0.20251986249796508,0.20251986249796503,0.2513571683308911,0.2513571683308911,0.25135716833089106,0.25135716833089117,0.3001944741638175,0.3490317799967432,0.20251986249796508,0.15451102814427653,0.2505286968516532,0.2513571683308911,0.3010229456430555,0.3482033085175052,0.20251986249796503,0.3978690858296687,0.20251986249796505,0.3490317799967432,0.30019447416381767,0.15368255666503863,0.15368255666503863,0.3001944741638177,0.30019447416381756,0.2513571683308911,0.20251986249796494,0.3001944741638174,0.3498602514759809,0.3482033085175052,0.3490317799967436,0.39869755730890716,0.2993660026845798,0.3498602514759816,0.2993660026845797,0.6908929208272243,0.5932183091613719,0.642055614994299,0.2513571683308911,0.20251986249796503,0.25135716833089106,0.2513571683308911,0.1536825566650386,0.20334833397720295,0.29936600268457964,0.20251986249796505,0.2513571683308911,0.6908929208272243,0.5443810033284469,0.3001944741638174,0.20334833397720295,0.2016913910187271,0.2608775051017754,0.0,0.0,0.0,0.0,0.0,0.0,0.0,0.0,0.0,0.0,0.0,0.0,0.0,0.0,0.0,0.0,0.0,0.0,0.0,0.0,0.0,0.0,0.0,0.0,0.0,0.0,0.0,0.0,0.0,0.0,0.0,0.0,0.0,0.0,0.0,0.0,0.0,0.0,0.0,0.0,0.0,0.0,0.0,0.0,0.0,0.0,0.0,0.0,0.0,0.0,0.0,0.0,0.0,0.0
0.5331262423888891,0.25135716833089133,0.25135716833089133,0.25135716833089133,0.25135716833089133,0.25135716833089133,0.39249110645497504,0.29840181437225266,0.2513571683308913,0.25135716833089133,0.25135716833089133,0.20431252228952987,0.29840181437225266,0.25135716833089133,0.29840181437225266,0.2984018143722527,0.25135716833089133,0.20431252228952984,0.25135716833089133,0.20431252228952984,0.25135716833089133,0.2513571683308913,0.29840181437225266,0.2984018143722527,0.2984018143722527,0.29840181437225266,0.34544646041361415,0.39249110645497526,0.2513571683308913,0.20555522950838673,0.2971591071533958,0.29840181437225266,0.34668916763247104,0.39124839923611826,0.25135716833089133,0.43953575249633586,0.25135716833089133,0.39249110645497526,0.3454464604136144,0.20431252228952984,0.20431252228952984,0.3454464604136143,0.3454464604136142,0.29840181437225266,0.25135716833089117,0.3454464604136141,0.3937338136738318,0.39124839923611837,0.3924911064549755,0.4407784597151931,0.3442037531947574,0.39373381367383237,0.3442037531947574,0.7218036287445017,0.627714336661779,0.6747589827031414,0.29840181437225266,0.25135716833089133,0.2984018143722526,0.2984018143722527,0.20431252228952984,0.25259987554974817,0.34420375319475727,0.25135716833089133,0.29840181437225266,0.7218036287445017,0.5806696906204188,0.3454464604136141,0.2525998755497482,0.2501144611120345,0.28647100682055093,0.0,0.0,0.0,0.0,0.0,0.0,0.0,0.0,0.0,0.0,0.0,0.0,0.0,0.0,0.0,0.0,0.0,0.0,0.0,0.0,0.0,0.0,0.0,0.0,0.0,0.0,0.0,0.0,0.0,0.0,0.0,0.0,0.0,0.0,0.0,0.0,0.0,0.0,0.0,0.0,0.0,0.0,0.0,0.0,0.0,0.0,0.0,0.0,0.0,0.0,0.0,0.0,0.0,0.0
0.5331262423888891,0.25135716833089133,0.25135716833089133,0.25135716833089133,0.25135716833089133,0.25135716833089133,0.3924911064549747,0.29840181437225266,0.25135716833089133,0.25135716833089133,0.25135716833089133,0.20431252228952984,0.29840181437225266,0.25135716833089133,0.29840181437225266,0.29840181437225266,0.25135716833089133,0.20431252228952984,0.25135716833089133,0.20431252228952984,0.25135716833089133,0.25135716833089133,0.29840181437225266,0.2984018143722527,0.29840181437225266,0.29840181437225266,0.3454464604136136,0.3924911064549749,0.25135716833089133,0.20555522950838667,0.2971591071533958,0.29840181437225266,0.34668916763247043,0.39124839923611804,0.25135716833089133,0.4395357524963358,0.25135716833089133,0.3924911064549749,0.3454464604136141,0.20431252228952984,0.20431252228952984,0.345446460413614,0.3454464604136137,0.2984018143722526,0.25135716833089117,0.34544646041361354,0.3937338136738316,0.39124839923611804,0.3924911064549753,0.4407784597151931,0.34420375319475705,0.3937338136738322,0.3442037531947568,0.7218036287445013,0.627714336661779,0.6747589827031409,0.29840181437225266,0.25135716833089133,0.29840181437225255,0.2984018143722527,0.20431252228952984,0.2525998755497482,0.3442037531947567,0.25135716833089133,0.29840181437225266,0.7218036287445013,0.5806696906204188,0.3454464604136136,0.2525998755497482,0.2501144611120345,0.28647100682055093,0.0,0.0,0.0,0.0,0.0,0.0,0.0,0.0,0.0,0.0,0.0,0.0,0.0,0.0,0.0,0.0,0.0,0.0,0.0,0.0,0.0,0.0,0.0,0.0,0.0,0.0,0.0,0.0,0.0,0.0,0.0,0.0,0.0,0.0,0.0,0.0,0.0,0.0,0.0,0.0,0.0,0.0,0.0,0.0,0.0,0.0,0.0,0.0,0.0,0.0,0.0,0.0,0.0,0.0
0.45729608301526065,0.15368255666503883,0.15368255666503883,0.15368255666503883,0.15368255666503883,0.15368255666503883,0.3055724535385113,0.20431252228953017,0.15368255666503883,0.15368255666503883,0.15368255666503883,0.1030525910405475,0.20431252228953017,0.15368255666503883,0.2043125222895302,0.20431252228953017,0.15368255666503883,0.10305259104054748,0.15368255666503883,0.10305259104054748,0.15368255666503883,0.15368255666503883,0.20431252228953017,0.20431252228953017,0.2043125222895302,0.2043125222895302,0.2549424879140209,0.3055724535385113,0.15368255666503883,0.10346682678016643,0.20389828654991124,0.20431252228953017,0.25535672365363987,0.30515821779889235,0.15368255666503883,0.35620241916300166,0.15368255666503883,0.30557245353851126,0.25494248791402113,0.10305259104054748,0.10305259104054748,0.2549424879140212,0.2549424879140209,0.20431252228953017,0.15368255666503863,0.2549424879140209,0.3059866892781303,0.30515821779889235,0.3055724535385119,0.35661665490262145,0.2545282521744023,0.30598668927813083,0.25452825217440195,0.6599822129099463,0.5587222816609642,0.6093522472854561,0.2043125222895302,0.15368255666503883,0.20431252228953017,0.20431252228953017,0.10305259104054748,0.1540967924046578,0.25452825217440195,0.15368255666503883,0.2043125222895302,0.6599822129099464,0.5080923160364749,0.2549424879140209,0.1540967924046578,0.15326832092541987,0.2352840033830002,0.0,0.0,0.0,0.0,0.0,0.0,0.0,0.0,0.0,0.0,0.0,0.0,0.0,0.0,0.0,0.0,0.0,0.0,0.0,0.0,0.0,0.0,0.0,0.0,0.0,0.0,0.0,0.0,0.0,0.0,0.0,0.0,0.0,0.0,0.0,0.0,0.0,0.0,0.0,0.0,0.0,0.0,0.0,0.0,0.0,0.0,0.0,0.0,0.0,0.0,0.0,0.0,0.0,0.0
0.5049116093993115,0.20465889961260428,0.20465889961260428,0.20334833397720284,0.2072800308834071,0.20465889961260428,0.3576557868718448,0.25259987554974817,0.20465889961260428,0.20334833397720284,0.20334833397720284,0.15540735804005895,0.25391044118514955,0.20334833397720284,0.2525998755497482,0.25522100682055093,0.20334833397720292,0.15409679240465754,0.20596946524800572,0.15540735804005895,0.2059694652480057,0.20465889961260428,0.25259987554974805,0.2525998755497482,0.25259987554974817,0.25391044118514955,0.3044725483930963,0.3524135243302394,0.20465889961260428,0.15665006525891584,0.25266773396629266,0.25259987554974805,0.30440468997655173,0.34854968584057977,0.20334833397720284,0.40166506590278456,0.20334833397720284,0.35634522123644363,0.3123359422055047,0.15671792367546034,0.15409679240465754,0.30447254839309623,0.30185141712229346,0.25391044118514955,0.20334833397720284,0.30709367966389894,0.35758792845530024,0.3498602514759811,0.35241352433023976,0.40946060129864864,0.3032298411742394,0.35496679718449803,0.29929814426803525,0.702416577879659,0.6052240603699703,0.6518544706717134,0.255221006820551,0.20334833397720284,0.25259987554974817,0.25259987554974817,0.15409679240465754,0.20590160683146116,0.3006087099034365,0.20465889961260428,0.25259987554974817,0.7011060122442577,0.5559725187974265,0.3031619827576948,0.20721217246686258,0.20079506112294457,0.2677767106018571,0.0,0.0,0.0,0.0,0.0,0.0,0.0,0.0,0.0,0.0,0.0,0.0,0.0,0.0,0.0,0.0,0.0,0.0,0.0,0.0,0.0,0.0,0.0,0.0,0.0,0.0,0.0,0.0,0.0,0.0,0.0,0.0,0.0,0.0,0.0,0.0,0.0,0.0,0.0,0.0,0.0,0.0,0.0,0.0,0.0,0.0,0.0,0.0,0.0,0.0,0.0,0.0,0.0,0.0
0.5600303097430654,0.29805543704917814,0.29805543704917814,0.2993660026845796,0.2954343057783754,0.29805543704917814,0.4273264260381042,0.34420375319475666,0.29805543704917814,0.2993660026845796,0.2993660026845796,0.2532176865390008,0.34289318755935533,0.2993660026845795,0.3442037531947567,0.34158262192395394,0.2993660026845795,0.25452825217440217,0.2967448714137768,0.2532176865390008,0.2967448714137767,0.29805543704917814,0.34420375319475666,0.3442037531947567,0.34420375319475666,0.34289318755935533,0.38642037243413124,0.4325686885797099,0.2980554370491781,0.25577095939325906,0.34033991470509695,0.34420375319475666,0.39028421092379095,0.4326365469962544,0.2993660026845796,0.47740643908988667,0.2993660026845795,0.42863699167350583,0.37855697862172344,0.25190712090359935,0.25452825217440217,0.3864203724341319,0.3890415037049341,0.3428931875593553,0.2993660026845799,0.38379924116332836,0.4311902645277638,0.43132598136085304,0.43256868857971054,0.47340688376713863,0.3838670995798735,0.4338113957985675,0.38779879648607735,0.7411906796093437,0.6502046129535878,0.6976634947345685,0.3415826219239539,0.2993660026845796,0.3442037531947566,0.3442037531947567,0.25452825217440217,0.3006087099034364,0.38648823085067585,0.29805543704917814,0.34420375319475666,0.742501245244745,0.6053668624434114,0.3877309380695326,0.29929814426803497,0.29812329546572264,0.30516530303924455,0.0,0.0,0.0,0.0,0.0,0.0,0.0,0.0,0.0,0.0,0.0,0.0,0.0,0.0,0.0,0.0,0.0,0.0,0.0,0.0,0.0,0.0,0.0,0.0,0.0,0.0,0.0,0.0,0.0,0.0,0.0,0.0,0.0,0.0,0.0,0.0,0.0,0.0,0.0,0.0,0.0,0.0,0.0,0.0,0.0,0.0,0.0,0.0,0.0,0.0,0.0,0.0,0.0,0.0
0.4939005970666734,0.20251986249796514,0.20251986249796514,0.20251986249796514,0.20251986249796514,0.20251986249796516,0.34903177999674245,0.251357168330891,0.20251986249796514,0.20251986249796514,0.20251986249796514,0.1536825566650387,0.25135716833089106,0.20251986249796514,0.251357168330891,0.251357168330891,0.20251986249796516,0.1536825566650387,0.20251986249796514,0.1536825566650387,0.20251986249796514,0.20251986249796514,0.25135716833089106,0.251357168330891,0.251357168330891,0.25135716833089106,0.30019447416381667,0.34903177999674256,0.20251986249796514,0.155821593779678,0.24921813121625178,0.25135716833089106,0.30233351127845587,0.3468927428821032,0.20251986249796514,0.39786908582966857,0.20251986249796514,0.34903177999674245,0.3001944741638173,0.1536825566650387,0.1536825566650387,0.3001944741638172,0.3001944741638166,0.251357168330891,0.2025198624979649,0.30019447416381667,0.35117081711138176,0.34689274288210326,0.34903177999674323,0.40000812294430854,0.298055437049178,0.35117081711138254,0.29805543704917736,0.6908929208272235,0.5932183091613716,0.6420556149942983,0.251357168330891,0.20251986249796514,0.251357168330891,0.251357168330891,0.1536825566650387,0.20465889961260442,0.29805543704917736,0.20251986249796514,0.25135716833089106,0.6908929208272235,0.5443810033284469,0.3001944741638166,0.20465889961260442,0.2003808253833258,0.26087750510177526,0.0,0.0,0.0,0.0,0.0,0.0,0.0,0.0,0.0,0.0,0.0,0.0,0.0,0.0,0.0,0.0,0.0,0.0,0.0,0.0,0.0,0.0,0.0,0.0,0.0,0.0,0.0,0.0,0.0,0.0,0.0,0.0,0.0,0.0,0.0,0.0,0.0,0.0,0.0,0.0,0.0,0.0,0.0,0.0,0.0,0.0,0.0,0.0,0.0,0.0,0.0,0.0,0.0,0.0
0.5331262423888883,0.25135716833089117,0.25135716833089117,0.25135716833089117,0.25135716833089117,0.25135716833089117,0.3924911064549741,0.2984018143722527,0.25135716833089117,0.25135716833089117,0.25135716833089117,0.2043125222895299,0.29840181437225266,0.25135716833089117,0.2984018143722526,0.2984018143722527,0.25135716833089117,0.20431252228952987,0.25135716833089117,0.20431252228952987,0.25135716833089117,0.2513571683308911,0.29840181437225266,0.2984018143722527,0.2984018143722527,0.29840181437225266,0.3454464604136134,0.39249110645497415,0.25135716833089117,0.20555522950838684,0.2971591071533958,0.29840181437225266,0.34668916763247026,0.39124839923611726,0.25135716833089117,0.4395357524963348,0.25135716833089117,0.39249110645497415,0.345446460413614,0.2043125222895299,0.20431252228952987,0.345446460413614,0.34544646041361343,0.2984018143722527,0.25135716833089145,0.3454464604136133,0.3937338136738308,0.39124839923611726,0.3924911064549749,0.4407784597151925,0.34420375319475716,0.3937338136738318,0.3442037531947566,0.7218036287445008,0.6277143366617782,0.6747589827031404,0.29840181437225266,0.25135716833089117,0.29840181437225266,0.29840181437225266,0.20431252228952987,0.252599875549748,0.34420375319475655,0.25135716833089117,0.29840181437225266,0.7218036287445008,0.5806696906204183,0.3454464604136134,0.252599875549748,0.25011446111203434,0.28647100682055077,0.0,0.0,0.0,0.0,0.0,0.0,0.0,0.0,0.0,0.0,0.0,0.0,0.0,0.0,0.0,0.0,0.0,0.0,0.0,0.0,0.0,0.0,0.0,0.0,0.0,0.0,0.0,0.0,0.0,0.0,0.0,0.0,0.0,0.0,0.0,0.0,0.0,0.0,0.0,0.0,0.0,0.0,0.0,0.0,0.0,0.0,0.0,0.0,0.0,0.0,0.0,0.0,0.0,0.0
0.8691196970286099,0.6908929208272284,0.6908929208272284,0.6908929208272286,0.6908929208272289,0.6908929208272284,0.7836250445790591,0.7218036287445058,0.6908929208272284,0.6908929208272286,0.6908929208272286,0.6599822129099515,0.7218036287445053,0.6908929208272286,0.7218036287445057,0.7218036287445055,0.6908929208272292,0.6599822129099517,0.690892920827228,0.6599822129099515,0.6908929208272284,0.6908929208272288,0.721803628744506,0.7218036287445055,0.7218036287445058,0.7218036287445053,0.7527143366617824,0.7836250445790593,0.6908929208272288,0.6701953043269849,0.7115905373274722,0.7218036287445058,0.7629274280788156,0.7734119531620268,0.6908929208272286,0.8145357524963359,0.6908929208272286,0.7836250445790591,0.7527143366617828,0.6599822129099515,0.6599822129099517,0.7527143366617822,0.7527143366617824,0.7218036287445053,0.6908929208272291,0.7527143366617821,0.7938381359960924,0.7734119531620266,0.7836250445790597,0.8247488439133689,0.7425012452447495,0.7938381359960921,0.7425012452447498,1.0,0.9381785841654451,0.9690892920827235,0.7218036287445055,0.6908929208272286,0.7218036287445061,0.7218036287445055,0.6599822129099517,0.7011060122442615,0.7425012452447497,0.6908929208272284,0.721803628744506,1.0,0.9072678762481665,0.7527143366617828,0.7011060122442614,0.6806798294101958,0.5168125222895295,0.0,0.0,0.0,0.0,0.0,0.0,0.0,0.0,0.0,0.0,0.0,0.0,0.0,0.0,0.0,0.0,0.0,0.0,0.0,0.0,0.0,0.0,0.0,0.0,0.0,0.0,0.0,0.0,0.0,0.0,0.0,0.0,0.0,0.0,0.0,0.0,0.0,0.0,0.0,0.0,0.0,0.0,0.0,0.0,0.0,0.0,0.0,0.0,0.0,0.0,0.0,0.0,0.0,0.0
0.752753326697364,0.5443810033284491,0.5443810033284491,0.5443810033284493,0.5443810033284493,0.5443810033284491,0.653247065204364,0.580669690620421,0.5443810033284491,0.5443810033284493,0.5443810033284493,0.5080923160364774,0.580669690620421,0.5443810033284493,0.5806696906204213,0.580669690620421,0.5443810033284493,0.5080923160364775,0.544381003328449,0.5080923160364774,0.5443810033284491,0.5443810033284491,0.5806696906204211,0.580669690620421,0.5806696906204211,0.5806696906204207,0.6169583779123924,0.6532470652043638,0.5443810033284491,0.5196838315054563,0.5690781751514419,0.5806696906204211,0.6285498933813713,0.6416555497353854,0.5443810033284493,0.689535752496335,0.5443810033284493,0.6532470652043638,0.6169583779123927,0.5080923160364774,0.5080923160364775,0.6169583779123924,0.6169583779123926,0.5806696906204207,0.5443810033284501,0.616958377912392,0.6648385806733429,0.6416555497353851,0.6532470652043642,0.7011272679653142,0.6053668624434138,0.6648385806733428,0.6053668624434138,0.9072678762481657,0.8346905016642217,0.8709791889561949,0.580669690620421,0.5443810033284493,0.5806696906204213,0.580669690620421,0.5080923160364775,0.5559725187974283,0.6053668624434138,0.5443810033284491,0.5806696906204211,0.9072678762481654,0.7984018143722497,0.6169583779123927,0.5559725187974282,0.5327894878594703,0.4400320171332035,0.0,0.0,0.0,0.0,0.0,0.0,0.0,0.0,0.0,0.0,0.0,0.0,0.0,0.0,0.0,0.0,0.0,0.0,0.0,0.0,0.0,0.0,0.0,0.0,0.0,0.0,0.0,0.0,0.0,0.0,0.0,0.0,0.0,0.0,0.0,0.0,0.0,0.0,0.0,0.0,0.0,0.0,0.0,0.0,0.0,0.0,0.0,0.0,0.0,0.0,0.0,0.0,0.0,0.0
0.5697307564403006,0.30019447416381695,0.3001944741638169,0.3001944741638169,0.30019447416381695,0.3001944741638169,0.4359504329132051,0.34544646041361315,0.30019447416381695,0.3001944741638169,0.3001944741638169,0.2549424879140206,0.34544646041361315,0.3001944741638169,0.34544646041361315,0.34544646041361315,0.3001944741638169,0.2549424879140206,0.300194474163817,0.2549424879140206,0.3001944741638169,0.3001944741638169,0.34544646041361315,0.3454464604136132,0.34544646041361315,0.34544646041361315,0.390698446663409,0.43595043291320523,0.30019447416381684,0.25790999650789787,0.3424789518197359,0.34544646041361315,0.3936659552572863,0.43298292431932794,0.3001944741638169,0.4812024191630014,0.3001944741638169,0.43595043291320523,0.39069844666341,0.2549424879140206,0.2549424879140206,0.39069844666341014,0.390698446663409,0.34544646041361315,0.30019447416381784,0.39069844666340897,0.43891794150708224,0.432982924319328,0.43595043291320623,0.48416992775687934,0.3877309380695329,0.43891794150708346,0.3877309380695319,0.7527143366617777,0.6622103641621854,0.7074623504119819,0.34544646041361315,0.3001944741638169,0.34544646041361315,0.3454464604136132,0.2549424879140206,0.3031619827576941,0.3877309380695319,0.30019447416381695,0.34544646041361315,0.7527143366617777,0.6169583779123902,0.390698446663409,0.3031619827576941,0.2972269655699397,0.31206450853932527,0.0,0.0,0.0,0.0,0.0,0.0,0.0,0.0,0.0,0.0,0.0,0.0,0.0,0.0,0.0,0.0,0.0,0.0,0.0,0.0,0.0,0.0,0.0,0.0,0.0,0.0,0.0,0.0,0.0,0.0,0.0,0.0,0.0,0.0,0.0,0.0,0.0,0.0,0.0,0.0,0.0,0.0,0.0,0.0,0.0,0.0,0.0,0.0,0.0,0.0,0.0,0.0,0.0,0.0
0.5036010437639092,0.20465889961260442,0.20465889961260442,0.203348333977203,0.20728003088340724,0.20465889961260442,0.357655786871845,0.2525998755497482,0.20465889961260442,0.203348333977203,0.203348333977203,0.155407358040059,0.25391044118514966,0.203348333977203,0.2525998755497483,0.255221006820551,0.20334833397720303,0.15409679240465757,0.2059694652480058,0.155407358040059,0.20596946524800586,0.20465889961260442,0.2525998755497482,0.2525998755497483,0.2525998755497482,0.25391044118514966,0.3044725483930964,0.3524135243302395,0.20465889961260442,0.15796063089431728,0.25135716833089133,0.2525998755497482,0.3057152556119533,0.3472391202051785,0.203348333977203,0.40166506590278406,0.203348333977203,0.3563452212364437,0.3123359422055048,0.15671792367546042,0.15409679240465757,0.3044725483930964,0.30185141712229363,0.2539104411851496,0.20334833397720278,0.30709367966389906,0.35889849409070185,0.3485496858405798,0.35241352433023987,0.4107711669340497,0.3019192755388381,0.35627736281989947,0.2979875786326339,0.7024165778796586,0.6052240603699697,0.651854470671713,0.2552210068205511,0.203348333977203,0.2525998755497482,0.2525998755497482,0.15409679240465757,0.2072121724668627,0.2992981442680353,0.20465889961260442,0.2525998755497482,0.7011060122442573,0.5559725187974258,0.30316198275769496,0.2085227381022641,0.19948449548754335,0.2677767106018571,0.0,0.0,0.0,0.0,0.0,0.0,0.0,0.0,0.0,0.0,0.0,0.0,0.0,0.0,0.0,0.0,0.0,0.0,0.0,0.0,0.0,0.0,0.0,0.0,0.0,0.0,0.0,0.0,0.0,0.0,0.0,0.0,0.0,0.0,0.0,0.0,0.0,0.0,0.0,0.0,0.0,0.0,0.0,0.0,0.0,0.0,0.0,0.0,0.0,0.0,0.0,0.0,0.0,0.0
0.4855107160048392,0.2003808253833258,0.2003808253833258,0.2016913910187272,0.197759694112523,0.20038082538332583,0.3404077731216406,0.2501144611120342,0.2003808253833258,0.2016913910187272,0.2016913910187272,0.15195775529001831,0.24880389547663284,0.2016913910187272,0.25011446111203417,0.24749332984123143,0.20169139101872727,0.15326832092541975,0.19907025974792442,0.15195775529001831,0.19907025974792442,0.20038082538332583,0.25011446111203417,0.25011446111203417,0.2501144611120342,0.24880389547663284,0.29591639993453805,0.34565003566324637,0.20038082538332583,0.15237199102963728,0.24838965973701388,0.25011446111203417,0.2976412013095584,0.34785693119443023,0.2016913910187272,0.3940731057565536,0.2016913910187272,0.34171833875704216,0.28805300612213025,0.15064718965461693,0.15326832092541975,0.29591639993453867,0.2985375312053408,0.2488038954766328,0.201691391018727,0.2932952686637353,0.34213257449666107,0.34654636555902885,0.34565003566324715,0.3879345133191661,0.2955021641949197,0.3447537057674646,0.29943386110112324,0.6793692637747892,0.5812125579527739,0.6322567593168843,0.24749332984123146,0.2016913910187272,0.2501144611120342,0.25011446111203417,0.15326832092541975,0.20079506112294476,0.29812329546572186,0.2003808253833258,0.25011446111203417,0.6806798294101907,0.532789487859468,0.29722696556993944,0.19948449548754335,0.20258772091450966,0.2539782996016939,0.0,0.0,0.0,0.0,0.0,0.0,0.0,0.0,0.0,0.0,0.0,0.0,0.0,0.0,0.0,0.0,0.0,0.0,0.0,0.0,0.0,0.0,0.0,0.0,0.0,0.0,0.0,0.0,0.0,0.0,0.0,0.0,0.0,0.0,0.0,0.0,0.0,0.0,0.0,0.0,0.0,0.0,0.0,0.0,0.0,0.0,0.0,0.0,0.0,0.0,0.0,0.0,0.0,0.0
0.40853118328593024,0.26087750510177554,0.26087750510177554,0.26087750510177554,0.2608775051017756,0.26087750510177554,0.33765801025810177,0.28647100682055104,0.26087750510177554,0.2608775051017756,0.26087750510177554,0.235284003383,0.286471006820551,0.2608775051017756,0.2864710068205511,0.286471006820551,0.26087750510177554,0.23528400338299996,0.26087750510177565,0.23528400338299996,0.2608775051017755,0.26087750510177554,0.286471006820551,0.286471006820551,0.28647100682055104,0.286471006820551,0.3120645085393263,0.3376580102581018,0.26087750510177554,0.24218320888308142,0.2795718013204696,0.286471006820551,0.3189637140394077,0.3307588047580205,0.2608775051017756,0.3632515119768772,0.2608775051017756,0.3376580102581018,0.31206450853932627,0.23528400338299996,0.23528400338299996,0.3120645085393262,0.3120645085393263,0.286471006820551,0.2608775051017755,0.31206450853932627,0.34455721575818316,0.3307588047580205,0.33765801025810166,0.37015071747695827,0.30516530303924483,0.3445572157581831,0.305165303039245,0.5168125222895293,0.4656255188519786,0.4912190205707548,0.286471006820551,0.26087750510177554,0.28647100682055093,0.286471006820551,0.23528400338299996,0.267776710601857,0.3051653030392449,0.26087750510177554,0.286471006820551,0.5168125222895293,0.44003201713320333,0.31206450853932644,0.267776710601857,0.2539782996016942,0.23343057041524243,0.0,0.0,0.0,0.0,0.0,0.0,0.0,0.0,0.0,0.0,0.0,0.0,0.0,0.0,0.0,0.0,0.0,0.0,0.0,0.0,0.0,0.0,0.0,0.0,0.0,0.0,0.0,0.0,0.0,0.0,0.0,0.0,0.0,0.0,0.0,0.0,0.0,0.0,0.0,0.0,0.0,0.0,0.0,0.0,0.0,0.0,0.0,0.0,0.0,0.0,0.0,0.0,0.0,0.0
0.0,0.0,0.0,0.0,0.0,0.0,0.0,0.0,0.0,0.0,0.0,0.0,0.0,0.0,0.0,0.0,0.0,0.0,0.0,0.0,0.0,0.0,0.0,0.0,0.0,0.0,0.0,0.0,0.0,0.0,0.0,0.0,0.0,0.0,0.0,0.0,0.0,0.0,0.0,0.0,0.0,0.0,0.0,0.0,0.0,0.0,0.0,0.0,0.0,0.0,0.0,0.0,0.0,0.0,0.0,0.0,0.0,0.0,0.0,0.0,0.0,0.0,0.0,0.0,0.0,0.0,0.0,0.0,0.0,0.0,0.0,0.0,0.0,0.0,0.0,0.0,0.0,0.0,0.0,0.0,0.0,0.0,0.0,0.0,0.0,0.0,0.0,0.0,0.0,0.0,0.0,0.0,0.0,0.0,0.0,0.0,0.0,0.0,0.0,0.0,0.0,0.0,0.0,0.0,0.0,0.0,0.0,0.0,0.0,0.0,0.0,0.0,0.0,0.0,0.0,0.0,0.0,0.0,0.0,0.0,0.0,0.0,0.0,0.0,0.0
0.0,0.0,0.0,0.0,0.0,0.0,0.0,0.0,0.0,0.0,0.0,0.0,0.0,0.0,0.0,0.0,0.0,0.0,0.0,0.0,0.0,0.0,0.0,0.0,0.0,0.0,0.0,0.0,0.0,0.0,0.0,0.0,0.0,0.0,0.0,0.0,0.0,0.0,0.0,0.0,0.0,0.0,0.0,0.0,0.0,0.0,0.0,0.0,0.0,0.0,0.0,0.0,0.0,0.0,0.0,0.0,0.0,0.0,0.0,0.0,0.0,0.0,0.0,0.0,0.0,0.0,0.0,0.0,0.0,0.0,0.0,0.0,0.0,0.0,0.0,0.0,0.0,0.0,0.0,0.0,0.0,0.0,0.0,0.0,0.0,0.0,0.0,0.0,0.0,0.0,0.0,0.0,0.0,0.0,0.0,0.0,0.0,0.0,0.0,0.0,0.0,0.0,0.0,0.0,0.0,0.0,0.0,0.0,0.0,0.0,0.0,0.0,0.0,0.0,0.0,0.0,0.0,0.0,0.0,0.0,0.0,0.0,0.0,0.0,0.0
0.0,0.0,0.0,0.0,0.0,0.0,0.0,0.0,0.0,0.0,0.0,0.0,0.0,0.0,0.0,0.0,0.0,0.0,0.0,0.0,0.0,0.0,0.0,0.0,0.0,0.0,0.0,0.0,0.0,0.0,0.0,0.0,0.0,0.0,0.0,0.0,0.0,0.0,0.0,0.0,0.0,0.0,0.0,0.0,0.0,0.0,0.0,0.0,0.0,0.0,0.0,0.0,0.0,0.0,0.0,0.0,0.0,0.0,0.0,0.0,0.0,0.0,0.0,0.0,0.0,0.0,0.0,0.0,0.0,0.0,0.0,0.0,0.0,0.0,0.0,0.0,0.0,0.0,0.0,0.0,0.0,0.0,0.0,0.0,0.0,0.0,0.0,0.0,0.0,0.0,0.0,0.0,0.0,0.0,0.0,0.0,0.0,0.0,0.0,0.0,0.0,0.0,0.0,0.0,0.0,0.0,0.0,0.0,0.0,0.0,0.0,0.0,0.0,0.0,0.0,0.0,0.0,0.0,0.0,0.0,0.0,0.0,0.0,0.0,0.0
0.0,0.0,0.0,0.0,0.0,0.0,0.0,0.0,0.0,0.0,0.0,0.0,0.0,0.0,0.0,0.0,0.0,0.0,0.0,0.0,0.0,0.0,0.0,0.0,0.0,0.0,0.0,0.0,0.0,0.0,0.0,0.0,0.0,0.0,0.0,0.0,0.0,0.0,0.0,0.0,0.0,0.0,0.0,0.0,0.0,0.0,0.0,0.0,0.0,0.0,0.0,0.0,0.0,0.0,0.0,0.0,0.0,0.0,0.0,0.0,0.0,0.0,0.0,0.0,0.0,0.0,0.0,0.0,0.0,0.0,0.0,0.0,0.0,0.0,0.0,0.0,0.0,0.0,0.0,0.0,0.0,0.0,0.0,0.0,0.0,0.0,0.0,0.0,0.0,0.0,0.0,0.0,0.0,0.0,0.0,0.0,0.0,0.0,0.0,0.0,0.0,0.0,0.0,0.0,0.0,0.0,0.0,0.0,0.0,0.0,0.0,0.0,0.0,0.0,0.0,0.0,0.0,0.0,0.0,0.0,0.0,0.0,0.0,0.0,0.0
0.0,0.0,0.0,0.0,0.0,0.0,0.0,0.0,0.0,0.0,0.0,0.0,0.0,0.0,0.0,0.0,0.0,0.0,0.0,0.0,0.0,0.0,0.0,0.0,0.0,0.0,0.0,0.0,0.0,0.0,0.0,0.0,0.0,0.0,0.0,0.0,0.0,0.0,0.0,0.0,0.0,0.0,0.0,0.0,0.0,0.0,0.0,0.0,0.0,0.0,0.0,0.0,0.0,0.0,0.0,0.0,0.0,0.0,0.0,0.0,0.0,0.0,0.0,0.0,0.0,0.0,0.0,0.0,0.0,0.0,0.0,0.0,0.0,0.0,0.0,0.0,0.0,0.0,0.0,0.0,0.0,0.0,0.0,0.0,0.0,0.0,0.0,0.0,0.0,0.0,0.0,0.0,0.0,0.0,0.0,0.0,0.0,0.0,0.0,0.0,0.0,0.0,0.0,0.0,0.0,0.0,0.0,0.0,0.0,0.0,0.0,0.0,0.0,0.0,0.0,0.0,0.0,0.0,0.0,0.0,0.0,0.0,0.0,0.0,0.0
0.0,0.0,0.0,0.0,0.0,0.0,0.0,0.0,0.0,0.0,0.0,0.0,0.0,0.0,0.0,0.0,0.0,0.0,0.0,0.0,0.0,0.0,0.0,0.0,0.0,0.0,0.0,0.0,0.0,0.0,0.0,0.0,0.0,0.0,0.0,0.0,0.0,0.0,0.0,0.0,0.0,0.0,0.0,0.0,0.0,0.0,0.0,0.0,0.0,0.0,0.0,0.0,0.0,0.0,0.0,0.0,0.0,0.0,0.0,0.0,0.0,0.0,0.0,0.0,0.0,0.0,0.0,0.0,0.0,0.0,0.0,0.0,0.0,0.0,0.0,0.0,0.0,0.0,0.0,0.0,0.0,0.0,0.0,0.0,0.0,0.0,0.0,0.0,0.0,0.0,0.0,0.0,0.0,0.0,0.0,0.0,0.0,0.0,0.0,0.0,0.0,0.0,0.0,0.0,0.0,0.0,0.0,0.0,0.0,0.0,0.0,0.0,0.0,0.0,0.0,0.0,0.0,0.0,0.0,0.0,0.0,0.0,0.0,0.0,0.0
0.0,0.0,0.0,0.0,0.0,0.0,0.0,0.0,0.0,0.0,0.0,0.0,0.0,0.0,0.0,0.0,0.0,0.0,0.0,0.0,0.0,0.0,0.0,0.0,0.0,0.0,0.0,0.0,0.0,0.0,0.0,0.0,0.0,0.0,0.0,0.0,0.0,0.0,0.0,0.0,0.0,0.0,0.0,0.0,0.0,0.0,0.0,0.0,0.0,0.0,0.0,0.0,0.0,0.0,0.0,0.0,0.0,0.0,0.0,0.0,0.0,0.0,0.0,0.0,0.0,0.0,0.0,0.0,0.0,0.0,0.0,0.0,0.0,0.0,0.0,0.0,0.0,0.0,0.0,0.0,0.0,0.0,0.0,0.0,0.0,0.0,0.0,0.0,0.0,0.0,0.0,0.0,0.0,0.0,0.0,0.0,0.0,0.0,0.0,0.0,0.0,0.0,0.0,0.0,0.0,0.0,0.0,0.0,0.0,0.0,0.0,0.0,0.0,0.0,0.0,0.0,0.0,0.0,0.0,0.0,0.0,0.0,0.0,0.0,0.0
0.0,0.0,0.0,0.0,0.0,0.0,0.0,0.0,0.0,0.0,0.0,0.0,0.0,0.0,0.0,0.0,0.0,0.0,0.0,0.0,0.0,0.0,0.0,0.0,0.0,0.0,0.0,0.0,0.0,0.0,0.0,0.0,0.0,0.0,0.0,0.0,0.0,0.0,0.0,0.0,0.0,0.0,0.0,0.0,0.0,0.0,0.0,0.0,0.0,0.0,0.0,0.0,0.0,0.0,0.0,0.0,0.0,0.0,0.0,0.0,0.0,0.0,0.0,0.0,0.0,0.0,0.0,0.0,0.0,0.0,0.0,0.0,0.0,0.0,0.0,0.0,0.0,0.0,0.0,0.0,0.0,0.0,0.0,0.0,0.0,0.0,0.0,0.0,0.0,0.0,0.0,0.0,0.0,0.0,0.0,0.0,0.0,0.0,0.0,0.0,0.0,0.0,0.0,0.0,0.0,0.0,0.0,0.0,0.0,0.0,0.0,0.0,0.0,0.0,0.0,0.0,0.0,0.0,0.0,0.0,0.0,0.0,0.0,0.0,0.0
0.0,0.0,0.0,0.0,0.0,0.0,0.0,0.0,0.0,0.0,0.0,0.0,0.0,0.0,0.0,0.0,0.0,0.0,0.0,0.0,0.0,0.0,0.0,0.0,0.0,0.0,0.0,0.0,0.0,0.0,0.0,0.0,0.0,0.0,0.0,0.0,0.0,0.0,0.0,0.0,0.0,0.0,0.0,0.0,0.0,0.0,0.0,0.0,0.0,0.0,0.0,0.0,0.0,0.0,0.0,0.0,0.0,0.0,0.0,0.0,0.0,0.0,0.0,0.0,0.0,0.0,0.0,0.0,0.0,0.0,0.0,0.0,0.0,0.0,0.0,0.0,0.0,0.0,0.0,0.0,0.0,0.0,0.0,0.0,0.0,0.0,0.0,0.0,0.0,0.0,0.0,0.0,0.0,0.0,0.0,0.0,0.0,0.0,0.0,0.0,0.0,0.0,0.0,0.0,0.0,0.0,0.0,0.0,0.0,0.0,0.0,0.0,0.0,0.0,0.0,0.0,0.0,0.0,0.0,0.0,0.0,0.0,0.0,0.0,0.0
0.0,0.0,0.0,0.0,0.0,0.0,0.0,0.0,0.0,0.0,0.0,0.0,0.0,0.0,0.0,0.0,0.0,0.0,0.0,0.0,0.0,0.0,0.0,0.0,0.0,0.0,0.0,0.0,0.0,0.0,0.0,0.0,0.0,0.0,0.0,0.0,0.0,0.0,0.0,0.0,0.0,0.0,0.0,0.0,0.0,0.0,0.0,0.0,0.0,0.0,0.0,0.0,0.0,0.0,0.0,0.0,0.0,0.0,0.0,0.0,0.0,0.0,0.0,0.0,0.0,0.0,0.0,0.0,0.0,0.0,0.0,0.0,0.0,0.0,0.0,0.0,0.0,0.0,0.0,0.0,0.0,0.0,0.0,0.0,0.0,0.0,0.0,0.0,0.0,0.0,0.0,0.0,0.0,0.0,0.0,0.0,0.0,0.0,0.0,0.0,0.0,0.0,0.0,0.0,0.0,0.0,0.0,0.0,0.0,0.0,0.0,0.0,0.0,0.0,0.0,0.0,0.0,0.0,0.0,0.0,0.0,0.0,0.0,0.0,0.0
0.0,0.0,0.0,0.0,0.0,0.0,0.0,0.0,0.0,0.0,0.0,0.0,0.0,0.0,0.0,0.0,0.0,0.0,0.0,0.0,0.0,0.0,0.0,0.0,0.0,0.0,0.0,0.0,0.0,0.0,0.0,0.0,0.0,0.0,0.0,0.0,0.0,0.0,0.0,0.0,0.0,0.0,0.0,0.0,0.0,0.0,0.0,0.0,0.0,0.0,0.0,0.0,0.0,0.0,0.0,0.0,0.0,0.0,0.0,0.0,0.0,0.0,0.0,0.0,0.0,0.0,0.0,0.0,0.0,0.0,0.0,0.0,0.0,0.0,0.0,0.0,0.0,0.0,0.0,0.0,0.0,0.0,0.0,0.0,0.0,0.0,0.0,0.0,0.0,0.0,0.0,0.0,0.0,0.0,0.0,0.0,0.0,0.0,0.0,0.0,0.0,0.0,0.0,0.0,0.0,0.0,0.0,0.0,0.0,0.0,0.0,0.0,0.0,0.0,0.0,0.0,0.0,0.0,0.0,0.0,0.0,0.0,0.0,0.0,0.0
0.0,0.0,0.0,0.0,0.0,0.0,0.0,0.0,0.0,0.0,0.0,0.0,0.0,0.0,0.0,0.0,0.0,0.0,0.0,0.0,0.0,0.0,0.0,0.0,0.0,0.0,0.0,0.0,0.0,0.0,0.0,0.0,0.0,0.0,0.0,0.0,0.0,0.0,0.0,0.0,0.0,0.0,0.0,0.0,0.0,0.0,0.0,0.0,0.0,0.0,0.0,0.0,0.0,0.0,0.0,0.0,0.0,0.0,0.0,0.0,0.0,0.0,0.0,0.0,0.0,0.0,0.0,0.0,0.0,0.0,0.0,0.0,0.0,0.0,0.0,0.0,0.0,0.0,0.0,0.0,0.0,0.0,0.0,0.0,0.0,0.0,0.0,0.0,0.0,0.0,0.0,0.0,0.0,0.0,0.0,0.0,0.0,0.0,0.0,0.0,0.0,0.0,0.0,0.0,0.0,0.0,0.0,0.0,0.0,0.0,0.0,0.0,0.0,0.0,0.0,0.0,0.0,0.0,0.0,0.0,0.0,0.0,0.0,0.0,0.0
0.0,0.0,0.0,0.0,0.0,0.0,0.0,0.0,0.0,0.0,0.0,0.0,0.0,0.0,0.0,0.0,0.0,0.0,0.0,0.0,0.0,0.0,0.0,0.0,0.0,0.0,0.0,0.0,0.0,0.0,0.0,0.0,0.0,0.0,0.0,0.0,0.0,0.0,0.0,0.0,0.0,0.0,0.0,0.0,0.0,0.0,0.0,0.0,0.0,0.0,0.0,0.0,0.0,0.0,0.0,0.0,0.0,0.0,0.0,0.0,0.0,0.0,0.0,0.0,0.0,0.0,0.0,0.0,0.0,0.0,0.0,0.0,0.0,0.0,0.0,0.0,0.0,0.0,0.0,0.0,0.0,0.0,0.0,0.0,0.0,0.0,0.0,0.0,0.0,0.0,0.0,0.0,0.0,0.0,0.0,0.0,0.0,0.0,0.0,0.0,0.0,0.0,0.0,0.0,0.0,0.0,0.0,0.0,0.0,0.0,0.0,0.0,0.0,0.0,0.0,0.0,0.0,0.0,0.0,0.0,0.0,0.0,0.0,0.0,0.0
0.0,0.0,0.0,0.0,0.0,0.0,0.0,0.0,0.0,0.0,0.0,0.0,0.0,0.0,0.0,0.0,0.0,0.0,0.0,0.0,0.0,0.0,0.0,0.0,0.0,0.0,0.0,0.0,0.0,0.0,0.0,0.0,0.0,0.0,0.0,0.0,0.0,0.0,0.0,0.0,0.0,0.0,0.0,0.0,0.0,0.0,0.0,0.0,0.0,0.0,0.0,0.0,0.0,0.0,0.0,0.0,0.0,0.0,0.0,0.0,0.0,0.0,0.0,0.0,0.0,0.0,0.0,0.0,0.0,0.0,0.0,0.0,0.0,0.0,0.0,0.0,0.0,0.0,0.0,0.0,0.0,0.0,0.0,0.0,0.0,0.0,0.0,0.0,0.0,0.0,0.0,0.0,0.0,0.0,0.0,0.0,0.0,0.0,0.0,0.0,0.0,0.0,0.0,0.0,0.0,0.0,0.0,0.0,0.0,0.0,0.0,0.0,0.0,0.0,0.0,0.0,0.0,0.0,0.0,0.0,0.0,0.0,0.0,0.0,0.0
0.0,0.0,0.0,0.0,0.0,0.0,0.0,0.0,0.0,0.0,0.0,0.0,0.0,0.0,0.0,0.0,0.0,0.0,0.0,0.0,0.0,0.0,0.0,0.0,0.0,0.0,0.0,0.0,0.0,0.0,0.0,0.0,0.0,0.0,0.0,0.0,0.0,0.0,0.0,0.0,0.0,0.0,0.0,0.0,0.0,0.0,0.0,0.0,0.0,0.0,0.0,0.0,0.0,0.0,0.0,0.0,0.0,0.0,0.0,0.0,0.0,0.0,0.0,0.0,0.0,0.0,0.0,0.0,0.0,0.0,0.0,0.0,0.0,0.0,0.0,0.0,0.0,0.0,0.0,0.0,0.0,0.0,0.0,0.0,0.0,0.0,0.0,0.0,0.0,0.0,0.0,0.0,0.0,0.0,0.0,0.0,0.0,0.0,0.0,0.0,0.0,0.0,0.0,0.0,0.0,0.0,0.0,0.0,0.0,0.0,0.0,0.0,0.0,0.0,0.0,0.0,0.0,0.0,0.0,0.0,0.0,0.0,0.0,0.0,0.0
0.0,0.0,0.0,0.0,0.0,0.0,0.0,0.0,0.0,0.0,0.0,0.0,0.0,0.0,0.0,0.0,0.0,0.0,0.0,0.0,0.0,0.0,0.0,0.0,0.0,0.0,0.0,0.0,0.0,0.0,0.0,0.0,0.0,0.0,0.0,0.0,0.0,0.0,0.0,0.0,0.0,0.0,0.0,0.0,0.0,0.0,0.0,0.0,0.0,0.0,0.0,0.0,0.0,0.0,0.0,0.0,0.0,0.0,0.0,0.0,0.0,0.0,0.0,0.0,0.0,0.0,0.0,0.0,0.0,0.0,0.0,0.0,0.0,0.0,0.0,0.0,0.0,0.0,0.0,0.0,0.0,0.0,0.0,0.0,0.0,0.0,0.0,0.0,0.0,0.0,0.0,0.0,0.0,0.0,0.0,0.0,0.0,0.0,0.0,0.0,0.0,0.0,0.0,0.0,0.0,0.0,0.0,0.0,0.0,0.0,0.0,0.0,0.0,0.0,0.0,0.0,0.0,0.0,0.0,0.0,0.0,0.0,0.0,0.0,0.0
0.0,0.0,0.0,0.0,0.0,0.0,0.0,0.0,0.0,0.0,0.0,0.0,0.0,0.0,0.0,0.0,0.0,0.0,0.0,0.0,0.0,0.0,0.0,0.0,0.0,0.0,0.0,0.0,0.0,0.0,0.0,0.0,0.0,0.0,0.0,0.0,0.0,0.0,0.0,0.0,0.0,0.0,0.0,0.0,0.0,0.0,0.0,0.0,0.0,0.0,0.0,0.0,0.0,0.0,0.0,0.0,0.0,0.0,0.0,0.0,0.0,0.0,0.0,0.0,0.0,0.0,0.0,0.0,0.0,0.0,0.0,0.0,0.0,0.0,0.0,0.0,0.0,0.0,0.0,0.0,0.0,0.0,0.0,0.0,0.0,0.0,0.0,0.0,0.0,0.0,0.0,0.0,0.0,0.0,0.0,0.0,0.0,0.0,0.0,0.0,0.0,0.0,0.0,0.0,0.0,0.0,0.0,0.0,0.0,0.0,0.0,0.0,0.0,0.0,0.0,0.0,0.0,0.0,0.0,0.0,0.0,0.0,0.0,0.0,0.0
0.0,0.0,0.0,0.0,0.0,0.0,0.0,0.0,0.0,0.0,0.0,0.0,0.0,0.0,0.0,0.0,0.0,0.0,0.0,0.0,0.0,0.0,0.0,0.0,0.0,0.0,0.0,0.0,0.0,0.0,0.0,0.0,0.0,0.0,0.0,0.0,0.0,0.0,0.0,0.0,0.0,0.0,0.0,0.0,0.0,0.0,0.0,0.0,0.0,0.0,0.0,0.0,0.0,0.0,0.0,0.0,0.0,0.0,0.0,0.0,0.0,0.0,0.0,0.0,0.0,0.0,0.0,0.0,0.0,0.0,0.0,0.0,0.0,0.0,0.0,0.0,0.0,0.0,0.0,0.0,0.0,0.0,0.0,0.0,0.0,0.0,0.0,0.0,0.0,0.0,0.0,0.0,0.0,0.0,0.0,0.0,0.0,0.0,0.0,0.0,0.0,0.0,0.0,0.0,0.0,0.0,0.0,0.0,0.0,0.0,0.0,0.0,0.0,0.0,0.0,0.0,0.0,0.0,0.0,0.0,0.0,0.0,0.0,0.0,0.0
0.0,0.0,0.0,0.0,0.0,0.0,0.0,0.0,0.0,0.0,0.0,0.0,0.0,0.0,0.0,0.0,0.0,0.0,0.0,0.0,0.0,0.0,0.0,0.0,0.0,0.0,0.0,0.0,0.0,0.0,0.0,0.0,0.0,0.0,0.0,0.0,0.0,0.0,0.0,0.0,0.0,0.0,0.0,0.0,0.0,0.0,0.0,0.0,0.0,0.0,0.0,0.0,0.0,0.0,0.0,0.0,0.0,0.0,0.0,0.0,0.0,0.0,0.0,0.0,0.0,0.0,0.0,0.0,0.0,0.0,0.0,0.0,0.0,0.0,0.0,0.0,0.0,0.0,0.0,0.0,0.0,0.0,0.0,0.0,0.0,0.0,0.0,0.0,0.0,0.0,0.0,0.0,0.0,0.0,0.0,0.0,0.0,0.0,0.0,0.0,0.0,0.0,0.0,0.0,0.0,0.0,0.0,0.0,0.0,0.0,0.0,0.0,0.0,0.0,0.0,0.0,0.0,0.0,0.0,0.0,0.0,0.0,0.0,0.0,0.0
0.0,0.0,0.0,0.0,0.0,0.0,0.0,0.0,0.0,0.0,0.0,0.0,0.0,0.0,0.0,0.0,0.0,0.0,0.0,0.0,0.0,0.0,0.0,0.0,0.0,0.0,0.0,0.0,0.0,0.0,0.0,0.0,0.0,0.0,0.0,0.0,0.0,0.0,0.0,0.0,0.0,0.0,0.0,0.0,0.0,0.0,0.0,0.0,0.0,0.0,0.0,0.0,0.0,0.0,0.0,0.0,0.0,0.0,0.0,0.0,0.0,0.0,0.0,0.0,0.0,0.0,0.0,0.0,0.0,0.0,0.0,0.0,0.0,0.0,0.0,0.0,0.0,0.0,0.0,0.0,0.0,0.0,0.0,0.0,0.0,0.0,0.0,0.0,0.0,0.0,0.0,0.0,0.0,0.0,0.0,0.0,0.0,0.0,0.0,0.0,0.0,0.0,0.0,0.0,0.0,0.0,0.0,0.0,0.0,0.0,0.0,0.0,0.0,0.0,0.0,0.0,0.0,0.0,0.0,0.0,0.0,0.0,0.0,0.0,0.0
0.0,0.0,0.0,0.0,0.0,0.0,0.0,0.0,0.0,0.0,0.0,0.0,0.0,0.0,0.0,0.0,0.0,0.0,0.0,0.0,0.0,0.0,0.0,0.0,0.0,0.0,0.0,0.0,0.0,0.0,0.0,0.0,0.0,0.0,0.0,0.0,0.0,0.0,0.0,0.0,0.0,0.0,0.0,0.0,0.0,0.0,0.0,0.0,0.0,0.0,0.0,0.0,0.0,0.0,0.0,0.0,0.0,0.0,0.0,0.0,0.0,0.0,0.0,0.0,0.0,0.0,0.0,0.0,0.0,0.0,0.0,0.0,0.0,0.0,0.0,0.0,0.0,0.0,0.0,0.0,0.0,0.0,0.0,0.0,0.0,0.0,0.0,0.0,0.0,0.0,0.0,0.0,0.0,0.0,0.0,0.0,0.0,0.0,0.0,0.0,0.0,0.0,0.0,0.0,0.0,0.0,0.0,0.0,0.0,0.0,0.0,0.0,0.0,0.0,0.0,0.0,0.0,0.0,0.0,0.0,0.0,0.0,0.0,0.0,0.0
0.0,0.0,0.0,0.0,0.0,0.0,0.0,0.0,0.0,0.0,0.0,0.0,0.0,0.0,0.0,0.0,0.0,0.0,0.0,0.0,0.0,0.0,0.0,0.0,0.0,0.0,0.0,0.0,0.0,0.0,0.0,0.0,0.0,0.0,0.0,0.0,0.0,0.0,0.0,0.0,0.0,0.0,0.0,0.0,0.0,0.0,0.0,0.0,0.0,0.0,0.0,0.0,0.0,0.0,0.0,0.0,0.0,0.0,0.0,0.0,0.0,0.0,0.0,0.0,0.0,0.0,0.0,0.0,0.0,0.0,0.0,0.0,0.0,0.0,0.0,0.0,0.0,0.0,0.0,0.0,0.0,0.0,0.0,0.0,0.0,0.0,0.0,0.0,0.0,0.0,0.0,0.0,0.0,0.0,0.0,0.0,0.0,0.0,0.0,0.0,0.0,0.0,0.0,0.0,0.0,0.0,0.0,0.0,0.0,0.0,0.0,0.0,0.0,0.0,0.0,0.0,0.0,0.0,0.0,0.0,0.0,0.0,0.0,0.0,0.0
0.0,0.0,0.0,0.0,0.0,0.0,0.0,0.0,0.0,0.0,0.0,0.0,0.0,0.0,0.0,0.0,0.0,0.0,0.0,0.0,0.0,0.0,0.0,0.0,0.0,0.0,0.0,0.0,0.0,0.0,0.0,0.0,0.0,0.0,0.0,0.0,0.0,0.0,0.0,0.0,0.0,0.0,0.0,0.0,0.0,0.0,0.0,0.0,0.0,0.0,0.0,0.0,0.0,0.0,0.0,0.0,0.0,0.0,0.0,0.0,0.0,0.0,0.0,0.0,0.0,0.0,0.0,0.0,0.0,0.0,0.0,0.0,0.0,0.0,0.0,0.0,0.0,0.0,0.0,0.0,0.0,0.0,0.0,0.0,0.0,0.0,0.0,0.0,0.0,0.0,0.0,0.0,0.0,0.0,0.0,0.0,0.0,0.0,0.0,0.0,0.0,0.0,0.0,0.0,0.0,0.0,0.0,0.0,0.0,0.0,0.0,0.0,0.0,0.0,0.0,0.0,0.0,0.0,0.0,0.0,0.0,0.0,0.0,0.0,0.0
0.0,0.0,0.0,0.0,0.0,0.0,0.0,0.0,0.0,0.0,0.0,0.0,0.0,0.0,0.0,0.0,0.0,0.0,0.0,0.0,0.0,0.0,0.0,0.0,0.0,0.0,0.0,0.0,0.0,0.0,0.0,0.0,0.0,0.0,0.0,0.0,0.0,0.0,0.0,0.0,0.0,0.0,0.0,0.0,0.0,0.0,0.0,0.0,0.0,0.0,0.0,0.0,0.0,0.0,0.0,0.0,0.0,0.0,0.0,0.0,0.0,0.0,0.0,0.0,0.0,0.0,0.0,0.0,0.0,0.0,0.0,0.0,0.0,0.0,0.0,0.0,0.0,0.0,0.0,0.0,0.0,0.0,0.0,0.0,0.0,0.0,0.0,0.0,0.0,0.0,0.0,0.0,0.0,0.0,0.0,0.0,0.0,0.0,0.0,0.0,0.0,0.0,0.0,0.0,0.0,0.0,0.0,0.0,0.0,0.0,0.0,0.0,0.0,0.0,0.0,0.0,0.0,0.0,0.0,0.0,0.0,0.0,0.0,0.0,0.0
0.0,0.0,0.0,0.0,0.0,0.0,0.0,0.0,0.0,0.0,0.0,0.0,0.0,0.0,0.0,0.0,0.0,0.0,0.0,0.0,0.0,0.0,0.0,0.0,0.0,0.0,0.0,0.0,0.0,0.0,0.0,0.0,0.0,0.0,0.0,0.0,0.0,0.0,0.0,0.0,0.0,0.0,0.0,0.0,0.0,0.0,0.0,0.0,0.0,0.0,0.0,0.0,0.0,0.0,0.0,0.0,0.0,0.0,0.0,0.0,0.0,0.0,0.0,0.0,0.0,0.0,0.0,0.0,0.0,0.0,0.0,0.0,0.0,0.0,0.0,0.0,0.0,0.0,0.0,0.0,0.0,0.0,0.0,0.0,0.0,0.0,0.0,0.0,0.0,0.0,0.0,0.0,0.0,0.0,0.0,0.0,0.0,0.0,0.0,0.0,0.0,0.0,0.0,0.0,0.0,0.0,0.0,0.0,0.0,0.0,0.0,0.0,0.0,0.0,0.0,0.0,0.0,0.0,0.0,0.0,0.0,0.0,0.0,0.0,0.0
0.0,0.0,0.0,0.0,0.0,0.0,0.0,0.0,0.0,0.0,0.0,0.0,0.0,0.0,0.0,0.0,0.0,0.0,0.0,0.0,0.0,0.0,0.0,0.0,0.0,0.0,0.0,0.0,0.0,0.0,0.0,0.0,0.0,0.0,0.0,0.0,0.0,0.0,0.0,0.0,0.0,0.0,0.0,0.0,0.0,0.0,0.0,0.0,0.0,0.0,0.0,0.0,0.0,0.0,0.0,0.0,0.0,0.0,0.0,0.0,0.0,0.0,0.0,0.0,0.0,0.0,0.0,0.0,0.0,0.0,0.0,0.0,0.0,0.0,0.0,0.0,0.0,0.0,0.0,0.0,0.0,0.0,0.0,0.0,0.0,0.0,0.0,0.0,0.0,0.0,0.0,0.0,0.0,0.0,0.0,0.0,0.0,0.0,0.0,0.0,0.0,0.0,0.0,0.0,0.0,0.0,0.0,0.0,0.0,0.0,0.0,0.0,0.0,0.0,0.0,0.0,0.0,0.0,0.0,0.0,0.0,0.0,0.0,0.0,0.0
0.0,0.0,0.0,0.0,0.0,0.0,0.0,0.0,0.0,0.0,0.0,0.0,0.0,0.0,0.0,0.0,0.0,0.0,0.0,0.0,0.0,0.0,0.0,0.0,0.0,0.0,0.0,0.0,0.0,0.0,0.0,0.0,0.0,0.0,0.0,0.0,0.0,0.0,0.0,0.0,0.0,0.0,0.0,0.0,0.0,0.0,0.0,0.0,0.0,0.0,0.0,0.0,0.0,0.0,0.0,0.0,0.0,0.0,0.0,0.0,0.0,0.0,0.0,0.0,0.0,0.0,0.0,0.0,0.0,0.0,0.0,0.0,0.0,0.0,0.0,0.0,0.0,0.0,0.0,0.0,0.0,0.0,0.0,0.0,0.0,0.0,0.0,0.0,0.0,0.0,0.0,0.0,0.0,0.0,0.0,0.0,0.0,0.0,0.0,0.0,0.0,0.0,0.0,0.0,0.0,0.0,0.0,0.0,0.0,0.0,0.0,0.0,0.0,0.0,0.0,0.0,0.0,0.0,0.0,0.0,0.0,0.0,0.0,0.0,0.0
0.0,0.0,0.0,0.0,0.0,0.0,0.0,0.0,0.0,0.0,0.0,0.0,0.0,0.0,0.0,0.0,0.0,0.0,0.0,0.0,0.0,0.0,0.0,0.0,0.0,0.0,0.0,0.0,0.0,0.0,0.0,0.0,0.0,0.0,0.0,0.0,0.0,0.0,0.0,0.0,0.0,0.0,0.0,0.0,0.0,0.0,0.0,0.0,0.0,0.0,0.0,0.0,0.0,0.0,0.0,0.0,0.0,0.0,0.0,0.0,0.0,0.0,0.0,0.0,0.0,0.0,0.0,0.0,0.0,0.0,0.0,0.0,0.0,0.0,0.0,0.0,0.0,0.0,0.0,0.0,0.0,0.0,0.0,0.0,0.0,0.0,0.0,0.0,0.0,0.0,0.0,0.0,0.0,0.0,0.0,0.0,0.0,0.0,0.0,0.0,0.0,0.0,0.0,0.0,0.0,0.0,0.0,0.0,0.0,0.0,0.0,0.0,0.0,0.0,0.0,0.0,0.0,0.0,0.0,0.0,0.0,0.0,0.0,0.0,0.0
0.0,0.0,0.0,0.0,0.0,0.0,0.0,0.0,0.0,0.0,0.0,0.0,0.0,0.0,0.0,0.0,0.0,0.0,0.0,0.0,0.0,0.0,0.0,0.0,0.0,0.0,0.0,0.0,0.0,0.0,0.0,0.0,0.0,0.0,0.0,0.0,0.0,0.0,0.0,0.0,0.0,0.0,0.0,0.0,0.0,0.0,0.0,0.0,0.0,0.0,0.0,0.0,0.0,0.0,0.0,0.0,0.0,0.0,0.0,0.0,0.0,0.0,0.0,0.0,0.0,0.0,0.0,0.0,0.0,0.0,0.0,0.0,0.0,0.0,0.0,0.0,0.0,0.0,0.0,0.0,0.0,0.0,0.0,0.0,0.0,0.0,0.0,0.0,0.0,0.0,0.0,0.0,0.0,0.0,0.0,0.0,0.0,0.0,0.0,0.0,0.0,0.0,0.0,0.0,0.0,0.0,0.0,0.0,0.0,0.0,0.0,0.0,0.0,0.0,0.0,0.0,0.0,0.0,0.0,0.0,0.0,0.0,0.0,0.0,0.0
0.0,0.0,0.0,0.0,0.0,0.0,0.0,0.0,0.0,0.0,0.0,0.0,0.0,0.0,0.0,0.0,0.0,0.0,0.0,0.0,0.0,0.0,0.0,0.0,0.0,0.0,0.0,0.0,0.0,0.0,0.0,0.0,0.0,0.0,0.0,0.0,0.0,0.0,0.0,0.0,0.0,0.0,0.0,0.0,0.0,0.0,0.0,0.0,0.0,0.0,0.0,0.0,0.0,0.0,0.0,0.0,0.0,0.0,0.0,0.0,0.0,0.0,0.0,0.0,0.0,0.0,0.0,0.0,0.0,0.0,0.0,0.0,0.0,0.0,0.0,0.0,0.0,0.0,0.0,0.0,0.0,0.0,0.0,0.0,0.0,0.0,0.0,0.0,0.0,0.0,0.0,0.0,0.0,0.0,0.0,0.0,0.0,0.0,0.0,0.0,0.0,0.0,0.0,0.0,0.0,0.0,0.0,0.0,0.0,0.0,0.0,0.0,0.0,0.0,0.0,0.0,0.0,0.0,0.0,0.0,0.0,0.0,0.0,0.0,0.0
0.0,0.0,0.0,0.0,0.0,0.0,0.0,0.0,0.0,0.0,0.0,0.0,0.0,0.0,0.0,0.0,0.0,0.0,0.0,0.0,0.0,0.0,0.0,0.0,0.0,0.0,0.0,0.0,0.0,0.0,0.0,0.0,0.0,0.0,0.0,0.0,0.0,0.0,0.0,0.0,0.0,0.0,0.0,0.0,0.0,0.0,0.0,0.0,0.0,0.0,0.0,0.0,0.0,0.0,0.0,0.0,0.0,0.0,0.0,0.0,0.0,0.0,0.0,0.0,0.0,0.0,0.0,0.0,0.0,0.0,0.0,0.0,0.0,0.0,0.0,0.0,0.0,0.0,0.0,0.0,0.0,0.0,0.0,0.0,0.0,0.0,0.0,0.0,0.0,0.0,0.0,0.0,0.0,0.0,0.0,0.0,0.0,0.0,0.0,0.0,0.0,0.0,0.0,0.0,0.0,0.0,0.0,0.0,0.0,0.0,0.0,0.0,0.0,0.0,0.0,0.0,0.0,0.0,0.0,0.0,0.0,0.0,0.0,0.0,0.0
0.0,0.0,0.0,0.0,0.0,0.0,0.0,0.0,0.0,0.0,0.0,0.0,0.0,0.0,0.0,0.0,0.0,0.0,0.0,0.0,0.0,0.0,0.0,0.0,0.0,0.0,0.0,0.0,0.0,0.0,0.0,0.0,0.0,0.0,0.0,0.0,0.0,0.0,0.0,0.0,0.0,0.0,0.0,0.0,0.0,0.0,0.0,0.0,0.0,0.0,0.0,0.0,0.0,0.0,0.0,0.0,0.0,0.0,0.0,0.0,0.0,0.0,0.0,0.0,0.0,0.0,0.0,0.0,0.0,0.0,0.0,0.0,0.0,0.0,0.0,0.0,0.0,0.0,0.0,0.0,0.0,0.0,0.0,0.0,0.0,0.0,0.0,0.0,0.0,0.0,0.0,0.0,0.0,0.0,0.0,0.0,0.0,0.0,0.0,0.0,0.0,0.0,0.0,0.0,0.0,0.0,0.0,0.0,0.0,0.0,0.0,0.0,0.0,0.0,0.0,0.0,0.0,0.0,0.0,0.0,0.0,0.0,0.0,0.0,0.0
0.0,0.0,0.0,0.0,0.0,0.0,0.0,0.0,0.0,0.0,0.0,0.0,0.0,0.0,0.0,0.0,0.0,0.0,0.0,0.0,0.0,0.0,0.0,0.0,0.0,0.0,0.0,0.0,0.0,0.0,0.0,0.0,0.0,0.0,0.0,0.0,0.0,0.0,0.0,0.0,0.0,0.0,0.0,0.0,0.0,0.0,0.0,0.0,0.0,0.0,0.0,0.0,0.0,0.0,0.0,0.0,0.0,0.0,0.0,0.0,0.0,0.0,0.0,0.0,0.0,0.0,0.0,0.0,0.0,0.0,0.0,0.0,0.0,0.0,0.0,0.0,0.0,0.0,0.0,0.0,0.0,0.0,0.0,0.0,0.0,0.0,0.0,0.0,0.0,0.0,0.0,0.0,0.0,0.0,0.0,0.0,0.0,0.0,0.0,0.0,0.0,0.0,0.0,0.0,0.0,0.0,0.0,0.0,0.0,0.0,0.0,0.0,0.0,0.0,0.0,0.0,0.0,0.0,0.0,0.0,0.0,0.0,0.0,0.0,0.0
0.0,0.0,0.0,0.0,0.0,0.0,0.0,0.0,0.0,0.0,0.0,0.0,0.0,0.0,0.0,0.0,0.0,0.0,0.0,0.0,0.0,0.0,0.0,0.0,0.0,0.0,0.0,0.0,0.0,0.0,0.0,0.0,0.0,0.0,0.0,0.0,0.0,0.0,0.0,0.0,0.0,0.0,0.0,0.0,0.0,0.0,0.0,0.0,0.0,0.0,0.0,0.0,0.0,0.0,0.0,0.0,0.0,0.0,0.0,0.0,0.0,0.0,0.0,0.0,0.0,0.0,0.0,0.0,0.0,0.0,0.0,0.0,0.0,0.0,0.0,0.0,0.0,0.0,0.0,0.0,0.0,0.0,0.0,0.0,0.0,0.0,0.0,0.0,0.0,0.0,0.0,0.0,0.0,0.0,0.0,0.0,0.0,0.0,0.0,0.0,0.0,0.0,0.0,0.0,0.0,0.0,0.0,0.0,0.0,0.0,0.0,0.0,0.0,0.0,0.0,0.0,0.0,0.0,0.0,0.0,0.0,0.0,0.0,0.0,0.0
0.0,0.0,0.0,0.0,0.0,0.0,0.0,0.0,0.0,0.0,0.0,0.0,0.0,0.0,0.0,0.0,0.0,0.0,0.0,0.0,0.0,0.0,0.0,0.0,0.0,0.0,0.0,0.0,0.0,0.0,0.0,0.0,0.0,0.0,0.0,0.0,0.0,0.0,0.0,0.0,0.0,0.0,0.0,0.0,0.0,0.0,0.0,0.0,0.0,0.0,0.0,0.0,0.0,0.0,0.0,0.0,0.0,0.0,0.0,0.0,0.0,0.0,0.0,0.0,0.0,0.0,0.0,0.0,0.0,0.0,0.0,0.0,0.0,0.0,0.0,0.0,0.0,0.0,0.0,0.0,0.0,0.0,0.0,0.0,0.0,0.0,0.0,0.0,0.0,0.0,0.0,0.0,0.0,0.0,0.0,0.0,0.0,0.0,0.0,0.0,0.0,0.0,0.0,0.0,0.0,0.0,0.0,0.0,0.0,0.0,0.0,0.0,0.0,0.0,0.0,0.0,0.0,0.0,0.0,0.0,0.0,0.0,0.0,0.0,0.0
0.0,0.0,0.0,0.0,0.0,0.0,0.0,0.0,0.0,0.0,0.0,0.0,0.0,0.0,0.0,0.0,0.0,0.0,0.0,0.0,0.0,0.0,0.0,0.0,0.0,0.0,0.0,0.0,0.0,0.0,0.0,0.0,0.0,0.0,0.0,0.0,0.0,0.0,0.0,0.0,0.0,0.0,0.0,0.0,0.0,0.0,0.0,0.0,0.0,0.0,0.0,0.0,0.0,0.0,0.0,0.0,0.0,0.0,0.0,0.0,0.0,0.0,0.0,0.0,0.0,0.0,0.0,0.0,0.0,0.0,0.0,0.0,0.0,0.0,0.0,0.0,0.0,0.0,0.0,0.0,0.0,0.0,0.0,0.0,0.0,0.0,0.0,0.0,0.0,0.0,0.0,0.0,0.0,0.0,0.0,0.0,0.0,0.0,0.0,0.0,0.0,0.0,0.0,0.0,0.0,0.0,0.0,0.0,0.0,0.0,0.0,0.0,0.0,0.0,0.0,0.0,0.0,0.0,0.0,0.0,0.0,0.0,0.0,0.0,0.0
0.0,0.0,0.0,0.0,0.0,0.0,0.0,0.0,0.0,0.0,0.0,0.0,0.0,0.0,0.0,0.0,0.0,0.0,0.0,0.0,0.0,0.0,0.0,0.0,0.0,0.0,0.0,0.0,0.0,0.0,0.0,0.0,0.0,0.0,0.0,0.0,0.0,0.0,0.0,0.0,0.0,0.0,0.0,0.0,0.0,0.0,0.0,0.0,0.0,0.0,0.0,0.0,0.0,0.0,0.0,0.0,0.0,0.0,0.0,0.0,0.0,0.0,0.0,0.0,0.0,0.0,0.0,0.0,0.0,0.0,0.0,0.0,0.0,0.0,0.0,0.0,0.0,0.0,0.0,0.0,0.0,0.0,0.0,0.0,0.0,0.0,0.0,0.0,0.0,0.0,0.0,0.0,0.0,0.0,0.0,0.0,0.0,0.0,0.0,0.0,0.0,0.0,0.0,0.0,0.0,0.0,0.0,0.0,0.0,0.0,0.0,0.0,0.0,0.0,0.0,0.0,0.0,0.0,0.0,0.0,0.0,0.0,0.0,0.0,0.0
0.0,0.0,0.0,0.0,0.0,0.0,0.0,0.0,0.0,0.0,0.0,0.0,0.0,0.0,0.0,0.0,0.0,0.0,0.0,0.0,0.0,0.0,0.0,0.0,0.0,0.0,0.0,0.0,0.0,0.0,0.0,0.0,0.0,0.0,0.0,0.0,0.0,0.0,0.0,0.0,0.0,0.0,0.0,0.0,0.0,0.0,0.0,0.0,0.0,0.0,0.0,0.0,0.0,0.0,0.0,0.0,0.0,0.0,0.0,0.0,0.0,0.0,0.0,0.0,0.0,0.0,0.0,0.0,0.0,0.0,0.0,0.0,0.0,0.0,0.0,0.0,0.0,0.0,0.0,0.0,0.0,0.0,0.0,0.0,0.0,0.0,0.0,0.0,0.0,0.0,0.0,0.0,0.0,0.0,0.0,0.0,0.0,0.0,0.0,0.0,0.0,0.0,0.0,0.0,0.0,0.0,0.0,0.0,0.0,0.0,0.0,0.0,0.0,0.0,0.0,0.0,0.0,0.0,0.0,0.0,0.0,0.0,0.0,0.0,0.0
0.0,0.0,0.0,0.0,0.0,0.0,0.0,0.0,0.0,0.0,0.0,0.0,0.0,0.0,0.0,0.0,0.0,0.0,0.0,0.0,0.0,0.0,0.0,0.0,0.0,0.0,0.0,0.0,0.0,0.0,0.0,0.0,0.0,0.0,0.0,0.0,0.0,0.0,0.0,0.0,0.0,0.0,0.0,0.0,0.0,0.0,0.0,0.0,0.0,0.0,0.0,0.0,0.0,0.0,0.0,0.0,0.0,0.0,0.0,0.0,0.0,0.0,0.0,0.0,0.0,0.0,0.0,0.0,0.0,0.0,0.0,0.0,0.0,0.0,0.0,0.0,0.0,0.0,0.0,0.0,0.0,0.0,0.0,0.0,0.0,0.0,0.0,0.0,0.0,0.0,0.0,0.0,0.0,0.0,0.0,0.0,0.0,0.0,0.0,0.0,0.0,0.0,0.0,0.0,0.0,0.0,0.0,0.0,0.0,0.0,0.0,0.0,0.0,0.0,0.0,0.0,0.0,0.0,0.0,0.0,0.0,0.0,0.0,0.0,0.0
0.0,0.0,0.0,0.0,0.0,0.0,0.0,0.0,0.0,0.0,0.0,0.0,0.0,0.0,0.0,0.0,0.0,0.0,0.0,0.0,0.0,0.0,0.0,0.0,0.0,0.0,0.0,0.0,0.0,0.0,0.0,0.0,0.0,0.0,0.0,0.0,0.0,0.0,0.0,0.0,0.0,0.0,0.0,0.0,0.0,0.0,0.0,0.0,0.0,0.0,0.0,0.0,0.0,0.0,0.0,0.0,0.0,0.0,0.0,0.0,0.0,0.0,0.0,0.0,0.0,0.0,0.0,0.0,0.0,0.0,0.0,0.0,0.0,0.0,0.0,0.0,0.0,0.0,0.0,0.0,0.0,0.0,0.0,0.0,0.0,0.0,0.0,0.0,0.0,0.0,0.0,0.0,0.0,0.0,0.0,0.0,0.0,0.0,0.0,0.0,0.0,0.0,0.0,0.0,0.0,0.0,0.0,0.0,0.0,0.0,0.0,0.0,0.0,0.0,0.0,0.0,0.0,0.0,0.0,0.0,0.0,0.0,0.0,0.0,0.0
0.0,0.0,0.0,0.0,0.0,0.0,0.0,0.0,0.0,0.0,0.0,0.0,0.0,0.0,0.0,0.0,0.0,0.0,0.0,0.0,0.0,0.0,0.0,0.0,0.0,0.0,0.0,0.0,0.0,0.0,0.0,0.0,0.0,0.0,0.0,0.0,0.0,0.0,0.0,0.0,0.0,0.0,0.0,0.0,0.0,0.0,0.0,0.0,0.0,0.0,0.0,0.0,0.0,0.0,0.0,0.0,0.0,0.0,0.0,0.0,0.0,0.0,0.0,0.0,0.0,0.0,0.0,0.0,0.0,0.0,0.0,0.0,0.0,0.0,0.0,0.0,0.0,0.0,0.0,0.0,0.0,0.0,0.0,0.0,0.0,0.0,0.0,0.0,0.0,0.0,0.0,0.0,0.0,0.0,0.0,0.0,0.0,0.0,0.0,0.0,0.0,0.0,0.0,0.0,0.0,0.0,0.0,0.0,0.0,0.0,0.0,0.0,0.0,0.0,0.0,0.0,0.0,0.0,0.0,0.0,0.0,0.0,0.0,0.0,0.0
0.0,0.0,0.0,0.0,0.0,0.0,0.0,0.0,0.0,0.0,0.0,0.0,0.0,0.0,0.0,0.0,0.0,0.0,0.0,0.0,0.0,0.0,0.0,0.0,0.0,0.0,0.0,0.0,0.0,0.0,0.0,0.0,0.0,0.0,0.0,0.0,0.0,0.0,0.0,0.0,0.0,0.0,0.0,0.0,0.0,0.0,0.0,0.0,0.0,0.0,0.0,0.0,0.0,0.0,0.0,0.0,0.0,0.0,0.0,0.0,0.0,0.0,0.0,0.0,0.0,0.0,0.0,0.0,0.0,0.0,0.0,0.0,0.0,0.0,0.0,0.0,0.0,0.0,0.0,0.0,0.0,0.0,0.0,0.0,0.0,0.0,0.0,0.0,0.0,0.0,0.0,0.0,0.0,0.0,0.0,0.0,0.0,0.0,0.0,0.0,0.0,0.0,0.0,0.0,0.0,0.0,0.0,0.0,0.0,0.0,0.0,0.0,0.0,0.0,0.0,0.0,0.0,0.0,0.0,0.0,0.0,0.0,0.0,0.0,0.0
0.0,0.0,0.0,0.0,0.0,0.0,0.0,0.0,0.0,0.0,0.0,0.0,0.0,0.0,0.0,0.0,0.0,0.0,0.0,0.0,0.0,0.0,0.0,0.0,0.0,0.0,0.0,0.0,0.0,0.0,0.0,0.0,0.0,0.0,0.0,0.0,0.0,0.0,0.0,0.0,0.0,0.0,0.0,0.0,0.0,0.0,0.0,0.0,0.0,0.0,0.0,0.0,0.0,0.0,0.0,0.0,0.0,0.0,0.0,0.0,0.0,0.0,0.0,0.0,0.0,0.0,0.0,0.0,0.0,0.0,0.0,0.0,0.0,0.0,0.0,0.0,0.0,0.0,0.0,0.0,0.0,0.0,0.0,0.0,0.0,0.0,0.0,0.0,0.0,0.0,0.0,0.0,0.0,0.0,0.0,0.0,0.0,0.0,0.0,0.0,0.0,0.0,0.0,0.0,0.0,0.0,0.0,0.0,0.0,0.0,0.0,0.0,0.0,0.0,0.0,0.0,0.0,0.0,0.0,0.0,0.0,0.0,0.0,0.0,0.0
0.0,0.0,0.0,0.0,0.0,0.0,0.0,0.0,0.0,0.0,0.0,0.0,0.0,0.0,0.0,0.0,0.0,0.0,0.0,0.0,0.0,0.0,0.0,0.0,0.0,0.0,0.0,0.0,0.0,0.0,0.0,0.0,0.0,0.0,0.0,0.0,0.0,0.0,0.0,0.0,0.0,0.0,0.0,0.0,0.0,0.0,0.0,0.0,0.0,0.0,0.0,0.0,0.0,0.0,0.0,0.0,0.0,0.0,0.0,0.0,0.0,0.0,0.0,0.0,0.0,0.0,0.0,0.0,0.0,0.0,0.0,0.0,0.0,0.0,0.0,0.0,0.0,0.0,0.0,0.0,0.0,0.0,0.0,0.0,0.0,0.0,0.0,0.0,0.0,0.0,0.0,0.0,0.0,0.0,0.0,0.0,0.0,0.0,0.0,0.0,0.0,0.0,0.0,0.0,0.0,0.0,0.0,0.0,0.0,0.0,0.0,0.0,0.0,0.0,0.0,0.0,0.0,0.0,0.0,0.0,0.0,0.0,0.0,0.0,0.0
0.0,0.0,0.0,0.0,0.0,0.0,0.0,0.0,0.0,0.0,0.0,0.0,0.0,0.0,0.0,0.0,0.0,0.0,0.0,0.0,0.0,0.0,0.0,0.0,0.0,0.0,0.0,0.0,0.0,0.0,0.0,0.0,0.0,0.0,0.0,0.0,0.0,0.0,0.0,0.0,0.0,0.0,0.0,0.0,0.0,0.0,0.0,0.0,0.0,0.0,0.0,0.0,0.0,0.0,0.0,0.0,0.0,0.0,0.0,0.0,0.0,0.0,0.0,0.0,0.0,0.0,0.0,0.0,0.0,0.0,0.0,0.0,0.0,0.0,0.0,0.0,0.0,0.0,0.0,0.0,0.0,0.0,0.0,0.0,0.0,0.0,0.0,0.0,0.0,0.0,0.0,0.0,0.0,0.0,0.0,0.0,0.0,0.0,0.0,0.0,0.0,0.0,0.0,0.0,0.0,0.0,0.0,0.0,0.0,0.0,0.0,0.0,0.0,0.0,0.0,0.0,0.0,0.0,0.0,0.0,0.0,0.0,0.0,0.0,0.0
0.0,0.0,0.0,0.0,0.0,0.0,0.0,0.0,0.0,0.0,0.0,0.0,0.0,0.0,0.0,0.0,0.0,0.0,0.0,0.0,0.0,0.0,0.0,0.0,0.0,0.0,0.0,0.0,0.0,0.0,0.0,0.0,0.0,0.0,0.0,0.0,0.0,0.0,0.0,0.0,0.0,0.0,0.0,0.0,0.0,0.0,0.0,0.0,0.0,0.0,0.0,0.0,0.0,0.0,0.0,0.0,0.0,0.0,0.0,0.0,0.0,0.0,0.0,0.0,0.0,0.0,0.0,0.0,0.0,0.0,0.0,0.0,0.0,0.0,0.0,0.0,0.0,0.0,0.0,0.0,0.0,0.0,0.0,0.0,0.0,0.0,0.0,0.0,0.0,0.0,0.0,0.0,0.0,0.0,0.0,0.0,0.0,0.0,0.0,0.0,0.0,0.0,0.0,0.0,0.0,0.0,0.0,0.0,0.0,0.0,0.0,0.0,0.0,0.0,0.0,0.0,0.0,0.0,0.0,0.0,0.0,0.0,0.0,0.0,0.0
0.0,0.0,0.0,0.0,0.0,0.0,0.0,0.0,0.0,0.0,0.0,0.0,0.0,0.0,0.0,0.0,0.0,0.0,0.0,0.0,0.0,0.0,0.0,0.0,0.0,0.0,0.0,0.0,0.0,0.0,0.0,0.0,0.0,0.0,0.0,0.0,0.0,0.0,0.0,0.0,0.0,0.0,0.0,0.0,0.0,0.0,0.0,0.0,0.0,0.0,0.0,0.0,0.0,0.0,0.0,0.0,0.0,0.0,0.0,0.0,0.0,0.0,0.0,0.0,0.0,0.0,0.0,0.0,0.0,0.0,0.0,0.0,0.0,0.0,0.0,0.0,0.0,0.0,0.0,0.0,0.0,0.0,0.0,0.0,0.0,0.0,0.0,0.0,0.0,0.0,0.0,0.0,0.0,0.0,0.0,0.0,0.0,0.0,0.0,0.0,0.0,0.0,0.0,0.0,0.0,0.0,0.0,0.0,0.0,0.0,0.0,0.0,0.0,0.0,0.0,0.0,0.0,0.0,0.0,0.0,0.0,0.0,0.0,0.0,0.0
0.0,0.0,0.0,0.0,0.0,0.0,0.0,0.0,0.0,0.0,0.0,0.0,0.0,0.0,0.0,0.0,0.0,0.0,0.0,0.0,0.0,0.0,0.0,0.0,0.0,0.0,0.0,0.0,0.0,0.0,0.0,0.0,0.0,0.0,0.0,0.0,0.0,0.0,0.0,0.0,0.0,0.0,0.0,0.0,0.0,0.0,0.0,0.0,0.0,0.0,0.0,0.0,0.0,0.0,0.0,0.0,0.0,0.0,0.0,0.0,0.0,0.0,0.0,0.0,0.0,0.0,0.0,0.0,0.0,0.0,0.0,0.0,0.0,0.0,0.0,0.0,0.0,0.0,0.0,0.0,0.0,0.0,0.0,0.0,0.0,0.0,0.0,0.0,0.0,0.0,0.0,0.0,0.0,0.0,0.0,0.0,0.0,0.0,0.0,0.0,0.0,0.0,0.0,0.0,0.0,0.0,0.0,0.0,0.0,0.0,0.0,0.0,0.0,0.0,0.0,0.0,0.0,0.0,0.0,0.0,0.0,0.0,0.0,0.0,0.0
0.0,0.0,0.0,0.0,0.0,0.0,0.0,0.0,0.0,0.0,0.0,0.0,0.0,0.0,0.0,0.0,0.0,0.0,0.0,0.0,0.0,0.0,0.0,0.0,0.0,0.0,0.0,0.0,0.0,0.0,0.0,0.0,0.0,0.0,0.0,0.0,0.0,0.0,0.0,0.0,0.0,0.0,0.0,0.0,0.0,0.0,0.0,0.0,0.0,0.0,0.0,0.0,0.0,0.0,0.0,0.0,0.0,0.0,0.0,0.0,0.0,0.0,0.0,0.0,0.0,0.0,0.0,0.0,0.0,0.0,0.0,0.0,0.0,0.0,0.0,0.0,0.0,0.0,0.0,0.0,0.0,0.0,0.0,0.0,0.0,0.0,0.0,0.0,0.0,0.0,0.0,0.0,0.0,0.0,0.0,0.0,0.0,0.0,0.0,0.0,0.0,0.0,0.0,0.0,0.0,0.0,0.0,0.0,0.0,0.0,0.0,0.0,0.0,0.0,0.0,0.0,0.0,0.0,0.0,0.0,0.0,0.0,0.0,0.0,0.0
0.0,0.0,0.0,0.0,0.0,0.0,0.0,0.0,0.0,0.0,0.0,0.0,0.0,0.0,0.0,0.0,0.0,0.0,0.0,0.0,0.0,0.0,0.0,0.0,0.0,0.0,0.0,0.0,0.0,0.0,0.0,0.0,0.0,0.0,0.0,0.0,0.0,0.0,0.0,0.0,0.0,0.0,0.0,0.0,0.0,0.0,0.0,0.0,0.0,0.0,0.0,0.0,0.0,0.0,0.0,0.0,0.0,0.0,0.0,0.0,0.0,0.0,0.0,0.0,0.0,0.0,0.0,0.0,0.0,0.0,0.0,0.0,0.0,0.0,0.0,0.0,0.0,0.0,0.0,0.0,0.0,0.0,0.0,0.0,0.0,0.0,0.0,0.0,0.0,0.0,0.0,0.0,0.0,0.0,0.0,0.0,0.0,0.0,0.0,0.0,0.0,0.0,0.0,0.0,0.0,0.0,0.0,0.0,0.0,0.0,0.0,0.0,0.0,0.0,0.0,0.0,0.0,0.0,0.0,0.0,0.0,0.0,0.0,0.0,0.0
0.0,0.0,0.0,0.0,0.0,0.0,0.0,0.0,0.0,0.0,0.0,0.0,0.0,0.0,0.0,0.0,0.0,0.0,0.0,0.0,0.0,0.0,0.0,0.0,0.0,0.0,0.0,0.0,0.0,0.0,0.0,0.0,0.0,0.0,0.0,0.0,0.0,0.0,0.0,0.0,0.0,0.0,0.0,0.0,0.0,0.0,0.0,0.0,0.0,0.0,0.0,0.0,0.0,0.0,0.0,0.0,0.0,0.0,0.0,0.0,0.0,0.0,0.0,0.0,0.0,0.0,0.0,0.0,0.0,0.0,0.0,0.0,0.0,0.0,0.0,0.0,0.0,0.0,0.0,0.0,0.0,0.0,0.0,0.0,0.0,0.0,0.0,0.0,0.0,0.0,0.0,0.0,0.0,0.0,0.0,0.0,0.0,0.0,0.0,0.0,0.0,0.0,0.0,0.0,0.0,0.0,0.0,0.0,0.0,0.0,0.0,0.0,0.0,0.0,0.0,0.0,0.0,0.0,0.0,0.0,0.0,0.0,0.0,0.0,0.0
0.0,0.0,0.0,0.0,0.0,0.0,0.0,0.0,0.0,0.0,0.0,0.0,0.0,0.0,0.0,0.0,0.0,0.0,0.0,0.0,0.0,0.0,0.0,0.0,0.0,0.0,0.0,0.0,0.0,0.0,0.0,0.0,0.0,0.0,0.0,0.0,0.0,0.0,0.0,0.0,0.0,0.0,0.0,0.0,0.0,0.0,0.0,0.0,0.0,0.0,0.0,0.0,0.0,0.0,0.0,0.0,0.0,0.0,0.0,0.0,0.0,0.0,0.0,0.0,0.0,0.0,0.0,0.0,0.0,0.0,0.0,0.0,0.0,0.0,0.0,0.0,0.0,0.0,0.0,0.0,0.0,0.0,0.0,0.0,0.0,0.0,0.0,0.0,0.0,0.0,0.0,0.0,0.0,0.0,0.0,0.0,0.0,0.0,0.0,0.0,0.0,0.0,0.0,0.0,0.0,0.0,0.0,0.0,0.0,0.0,0.0,0.0,0.0,0.0,0.0,0.0,0.0,0.0,0.0,0.0,0.0,0.0,0.0,0.0,0.0
0.0,0.0,0.0,0.0,0.0,0.0,0.0,0.0,0.0,0.0,0.0,0.0,0.0,0.0,0.0,0.0,0.0,0.0,0.0,0.0,0.0,0.0,0.0,0.0,0.0,0.0,0.0,0.0,0.0,0.0,0.0,0.0,0.0,0.0,0.0,0.0,0.0,0.0,0.0,0.0,0.0,0.0,0.0,0.0,0.0,0.0,0.0,0.0,0.0,0.0,0.0,0.0,0.0,0.0,0.0,0.0,0.0,0.0,0.0,0.0,0.0,0.0,0.0,0.0,0.0,0.0,0.0,0.0,0.0,0.0,0.0,0.0,0.0,0.0,0.0,0.0,0.0,0.0,0.0,0.0,0.0,0.0,0.0,0.0,0.0,0.0,0.0,0.0,0.0,0.0,0.0,0.0,0.0,0.0,0.0,0.0,0.0,0.0,0.0,0.0,0.0,0.0,0.0,0.0,0.0,0.0,0.0,0.0,0.0,0.0,0.0,0.0,0.0,0.0,0.0,0.0,0.0,0.0,0.0,0.0,0.0,0.0,0.0,0.0,0.0
0.0,0.0,0.0,0.0,0.0,0.0,0.0,0.0,0.0,0.0,0.0,0.0,0.0,0.0,0.0,0.0,0.0,0.0,0.0,0.0,0.0,0.0,0.0,0.0,0.0,0.0,0.0,0.0,0.0,0.0,0.0,0.0,0.0,0.0,0.0,0.0,0.0,0.0,0.0,0.0,0.0,0.0,0.0,0.0,0.0,0.0,0.0,0.0,0.0,0.0,0.0,0.0,0.0,0.0,0.0,0.0,0.0,0.0,0.0,0.0,0.0,0.0,0.0,0.0,0.0,0.0,0.0,0.0,0.0,0.0,0.0,0.0,0.0,0.0,0.0,0.0,0.0,0.0,0.0,0.0,0.0,0.0,0.0,0.0,0.0,0.0,0.0,0.0,0.0,0.0,0.0,0.0,0.0,0.0,0.0,0.0,0.0,0.0,0.0,0.0,0.0,0.0,0.0,0.0,0.0,0.0,0.0,0.0,0.0,0.0,0.0,0.0,0.0,0.0,0.0,0.0,0.0,0.0,0.0,0.0,0.0,0.0,0.0,0.0,0.0
