137,73,88,161,136,100,173,160,99,202,157,62,207,169,61,202,162,57,210,177,59,163,158,93,191,176,71,196,181,68,183,161,87,185,159,79,200,169,76,176,166,81,185,152,75,167,163,105,175,162,91,151,143,102,150,164,102,159,165,96,155,154,103,187,168,80,227,164,54,198,162,79,163,152,90,168,167,95,144,143,111,128,136,120,123,147,122,127,142,115,142,105,111,148,113,104,139,136,121,138,134,111,145,147,111,150,129,115,182,151,95,169,176,89,188,165,73,198,172,86,168,138,86,156,138,108,149,119,105,162,163,100,148,144,107,155,159,105,150,150,105,156,132,102,138,115,116,135,133,121,150,134,115,145,129,111,134,141,114,130,119,105,132,107,105,136,124,109,131,129,118,139,124,114,135,129,114,137,147,116,138,130,110,153,123,103,147,130,114,159,139,101,152,137,101,163,154,104,171,147,96,148,114,96,147,116,111,140,128,110,149,147,106,147,138,104,160,157,103,143,135,108,153,140,96,145,140,114,135,109,111,131,114,105,139,108,91,155,144,97,143,131,107,139,139,115,142,143,108,143,126,102,130,121,113,135,130,119,133,113,113,138,111,116,137,108,115,130,117,111,136,102,107,141,121,116,157,156,102,179,160,92,155,153,104,132,138,117,152,159,102,173,157,96,210,172,70,193,156,86,209,161,60,180,164,85,189,167,89,202,158,73,204,183,66,211,175,69,200,162,67,170,161,99,164,137,93,143,144,111,144,143,110,140,122,107,148,129,91,149,149,95,160,155,99,187,157,68,148,133,94,152,142,103,164,154,86,176,162,75,175,152,94,159,149,98,166,147,99,168,166,94,164,168,101,162,157,101,162,169,94,141,148,104
141,86,102,155,126,103,165,129,96,153,128,104,157,139,100,150,132,103,166,139,90,139,122,113,152,140,109,164,147,97,145,135,111,134,130,117,152,138,107,148,139,106,142,130,113,142,138,110,152,141,107,138,121,117,137,134,116,132,131,117,136,120,117,138,129,115,152,132,100,139,130,111,136,119,114,135,137,115,133,124,116,128,126,120,128,137,118,132,135,114,138,112,114,142,130,117,142,145,111,139,142,108,155,142,100,146,130,112,152,131,105,163,150,97,161,144,100,169,149,95,137,124,114,138,122,115,135,117,124,150,143,107,137,132,116,148,141,107,139,138,113,135,124,119,132,107,120,132,125,118,127,126,121,140,126,114,142,133,111,134,127,117,130,117,117,133,128,116,137,134,115,140,137,114,142,141,110,163,146,99,147,137,107,140,130,111,151,140,107,158,138,104,155,137,107,170,155,95,155,147,107,133,115,112,128,110,117,133,127,119,141,137,113,146,133,106,168,141,93,142,127,109,159,134,101,145,138,113,134,115,118,128,112,116,131,118,116,153,142,106,150,139,112,142,136,109,142,140,111,138,122,111,135,119,115,135,124,115,135,111,114,135,103,113,141,105,116,132,106,114,138,93,106,136,106,115,142,133,113,153,143,106,140,135,115,135,121,118,135,133,117,140,143,111,171,152,97,169,147,101,186,148,87,191,152,93,196,161,81,190,151,68,226,158,47,214,158,62,206,157,71,191,160,86,170,141,94,164,139,98,155,140,107,153,122,106,159,134,108,167,147,101,177,144,94,171,146,97,147,131,112,139,128,113,158,140,103,177,148,84,172,141,94,150,141,110,156,136,102,183,157,90,190,156,86,185,156,87,198,155,71,148,150,105
138,109,122,139,134,112,145,138,107,148,138,109,164,148,100,151,140,104,166,144,96,135,129,114,149,144,109,161,147,95,153,130,105,139,128,113,138,132,113,140,132,110,132,126,115,136,136,114,144,144,110,129,121,119,131,133,118,134,129,113,138,116,115,138,116,111,139,126,111,137,127,113,132,115,120,141,133,110,138,125,116,137,125,117,131,132,117,132,121,116,139,93,105,141,121,118,144,139,111,133,129,116,141,133,111,139,120,120,144,120,105,158,142,103,149,138,104,160,144,103,133,121,116,135,119,116,138,121,119,163,144,100,146,134,113,157,141,103,141,142,111,131,127,120,135,108,116,130,123,119,133,125,117,134,125,117,136,129,113,135,119,116,134,114,120,128,121,120,128,128,119,137,125,115,134,130,117,136,137,115,136,131,115,130,118,115,141,137,114,145,132,112,146,137,111,173,151,98,163,140,98,134,101,100,133,101,109,137,121,117,133,127,116,133,120,111,141,129,107,132,118,116,140,130,114,135,133,115,132,107,114,134,106,110,134,109,112,144,135,109,141,133,112,147,130,109,139,128,113,137,110,109,134,108,114,135,109,113,135,93,101,138,95,111,143,95,110,139,99,108,139,91,105,141,102,113,134,127,118,139,141,115,135,134,116,135,118,120,133,126,118,144,139,111,152,145,103,154,140,104,168,141,95,159,143,106,168,146,97,174,138,83,187,138,74,176,141,89,174,149,96,186,154,89,159,146,106,149,146,106,156,147,103,158,139,105,183,152,95,212,155,62,206,158,80,213,154,54,156,139,101,143,135,110,158,142,99,175,139,78,160,136,100,133,132,117,136,123,113,162,142,95,148,134,106,146,134,106,162,133,90,160,118,99
134,115,124,136,135,113,139,133,113,137,133,116,144,139,110,140,129,108,146,138,111,132,124,121,134,134,117,143,134,107,137,116,115,137,111,113,138,118,113,139,117,111,135,111,115,140,124,116,148,131,109,136,111,118,131,122,116,140,121,115,136,106,116,132,108,120,135,118,115,134,117,115,131,105,114,131,125,117,135,110,116,134,111,118,126,120,118,132,108,117,137,87,106,135,112,116,137,127,115,141,115,111,134,118,116,138,103,108,136,106,101,144,129,110,148,128,110,144,131,112,131,111,116,138,112,112,139,116,116,156,144,104,138,134,116,152,137,107,155,144,109,132,127,117,132,104,112,134,117,112,137,122,113,141,125,113,147,130,109,132,121,117,133,111,118,133,119,115,136,126,114,138,118,108,138,126,116,137,134,112,140,122,107,139,112,105,146,135,110,145,127,111,154,134,107,177,144,94,161,133,103,133,89,93,137,91,109,137,111,120,137,120,116,142,116,115,134,128,118,132,121,119,137,128,114,139,129,112,137,102,105,135,107,115,137,109,116,138,137,113,143,134,111,139,129,114,152,126,107,142,111,115,136,104,114,134,105,112,129,85,98,133,91,105,130,78,89,138,80,89,130,63,73,128,71,87,133,97,104,134,115,115,135,113,116,133,86,101,133,102,106,138,129,117,137,135,114,141,133,112,148,136,108,133,132,117,146,141,110,148,131,109,156,137,105,154,130,108,164,136,100,173,142,96,156,135,108,149,132,110,142,136,114,143,130,112,160,140,100,183,144,81,166,146,98,178,143,84,142,117,113,140,106,110,131,124,117,141,129,110,143,126,113,137,117,118,135,108,110,139,125,113,136,114,111,138,112,105,145,118,103,132,92,94
143,120,117,142,135,111,142,131,113,143,133,114,131,132,114,138,122,110,138,128,114,130,118,121,131,127,119,133,125,116,139,109,114,136,119,119,140,120,110,142,122,113,136,116,118,131,127,121,145,133,109,135,103,106,131,117,118,135,113,116,135,103,113,130,103,113,132,121,117,137,112,109,143,104,107,136,125,116,137,111,114,137,108,116,138,116,114,130,106,118,137,92,109,141,123,118,151,136,109,138,124,116,140,123,110,138,108,109,144,113,101,145,135,111,140,132,114,139,128,112,139,107,110,136,102,107,136,114,117,158,146,100,137,132,114,153,141,107,165,147,100,148,136,110,134,114,116,136,123,112,143,136,114,150,141,106,170,147,97,158,145,104,151,145,108,165,144,94,182,143,84,194,139,80,171,145,96,170,145,88,168,135,90,167,131,91,180,142,79,160,139,99,181,143,85,212,149,62,192,153,88,145,122,114,137,121,117,139,136,115,147,143,108,145,135,111,163,145,102,148,138,107,153,142,106,152,136,105,137,109,108,133,118,121,136,118,116,152,141,105,157,143,105,159,140,103,154,139,105,149,130,111,136,120,116,142,123,116,137,111,116,137,108,115,133,95,103,143,95,105,142,83,96,138,89,99,134,91,101,136,114,118,140,107,114,131,82,100,128,87,94,135,118,116,132,131,116,136,126,115,139,130,113,133,127,118,135,135,117,132,122,119,130,125,119,134,115,120,139,120,115,137,123,117,137,109,115,136,98,109,137,95,100,135,98,107,141,125,111,149,137,106,161,133,106,170,132,95,140,98,100,140,102,105,141,122,112,143,134,109,154,135,106,146,128,108,150,123,107,185,148,91,154,133,103,160,135,104,153,145,106,131,130,124
137,121,116,135,134,112,137,133,116,141,128,111,138,129,113,136,116,114,136,124,118,135,115,118,136,127,119,133,121,120,132,101,114,136,102,105,136,108,106,135,111,111,134,116,120,137,131,117,146,136,109,139,105,104,138,119,113,141,115,108,135,108,114,132,100,113,136,117,117,138,108,113,137,102,113,135,116,112,140,108,111,134,104,115,131,114,118,135,102,111,132,86,105,139,114,113,154,134,108,144,123,114,135,121,114,142,104,108,147,118,113,144,137,113,140,127,112,136,124,116,135,93,102,133,93,102,135,105,109,140,138,109,131,122,118,134,136,118,147,140,106,134,126,116,134,97,110,135,109,114,134,119,117,141,133,114,152,144,109,145,135,104,148,134,112,162,133,102,169,131,85,191,138,79,165,140,101,171,140,94,159,133,103,143,132,109,162,137,94,143,128,110,169,135,98,196,151,76,184,152,88,144,120,112,135,114,117,135,129,117,139,136,113,145,132,111,147,141,110,146,136,110,147,143,113,146,132,110,132,108,113,133,114,114,133,111,113,148,142,109,152,146,104,154,142,103,154,136,103,145,131,111,138,130,117,137,132,114,137,120,118,141,117,114,148,109,112,151,109,112,144,94,108,141,96,109,142,97,108,138,121,119,135,123,123,140,107,117,131,98,114,128,124,118,136,141,114,140,133,112,140,136,109,130,135,117,145,145,109,134,133,115,133,135,114,132,124,118,142,126,114,141,122,115,143,102,106,136,89,95,137,83,95,143,96,108,143,118,111,147,131,110,154,128,110,149,119,106,139,82,93,139,93,106,139,112,111,137,123,118,129,123,121,131,109,119,136,97,109,140,124,115,134,91,96,138,108,109,145,126,112,135,88,80
131,117,111,141,139,109,141,139,114,151,139,107,150,136,108,144,127,111,135,135,115,133,128,116,142,137,110,136,129,113,138,117,115,138,119,116,140,120,111,138,124,110,135,124,114,157,134,104,174,141,95,137,110,105,141,124,114,138,121,114,137,105,115,136,104,114,132,116,121,134,111,117,133,107,117,131,120,117,136,110,112,134,110,115,135,123,118,129,108,119,132,93,107,131,118,119,146,136,109,143,127,116,144,122,111,140,109,115,145,127,116,168,142,101,155,127,100,143,120,113,132,87,98,134,94,102,140,109,115,139,138,110,132,123,117,142,134,113,156,141,105,145,120,107,133,96,106,134,109,113,136,120,114,136,135,116,144,137,106,155,138,102,137,133,115,138,135,115,141,132,112,162,137,96,150,139,108,147,140,107,141,132,112,148,136,111,180,150,89,145,129,109,145,133,110,188,152,88,188,150,83,148,116,104,136,108,115,131,119,120,136,124,112,134,117,112,140,132,111,138,125,111,145,134,110,136,123,116,131,96,106,137,105,113,137,100,109,136,134,117,150,139,109,142,126,109,140,120,106,151,123,108,133,118,120,135,119,115,132,103,113,143,109,112,139,94,102,135,83,86,129,61,68,132,67,82,134,71,86,140,104,113,139,117,115,137,98,111,132,85,97,135,110,111,133,122,114,139,115,110,134,118,118,130,116,121,137,126,114,137,114,116,132,118,118,131,105,118,137,107,114,136,103,114,132,69,82,144,65,67,134,69,81,132,85,98,134,105,112,132,122,117,139,113,111,138,96,102,122,47,63,118,49,56,132,91,93,135,107,116,133,110,115,139,103,114,134,87,104,147,110,108,132,66,78,143,97,101,144,119,116,132,72,78
129,130,116,145,141,106,143,138,110,145,140,111,149,139,109,147,129,111,147,136,110,143,135,115,155,143,107,145,132,108,133,118,117,133,121,115,141,112,112,132,122,121,135,116,117,141,126,115,152,135,106,139,110,113,137,114,116,137,113,109,134,103,115,133,102,113,137,111,116,133,103,114,134,103,120,135,118,119,139,103,108,136,110,116,135,125,117,135,120,118,134,104,114,135,130,115,155,141,103,146,132,110,142,134,114,135,127,120,166,143,103,205,152,82,187,143,87,151,140,110,134,118,118,136,121,118,140,132,116,172,149,93,155,130,98,166,142,100,174,149,99,154,125,105,134,97,105,134,112,117,134,115,117,136,128,115,144,131,109,139,130,114,139,122,115,132,120,114,140,120,112,147,134,109,144,129,109,135,131,117,133,121,118,136,122,111,161,140,101,139,120,114,138,122,112,159,143,107,177,148,94,143,114,104,136,110,113,133,121,117,132,125,118,138,115,107,146,133,109,154,126,105,153,139,108,138,132,116,137,114,113,143,124,113,138,120,115,167,151,100,188,151,87,157,143,105,155,137,104,162,142,104,147,138,111,146,141,108,135,118,109,146,125,113,142,119,116,149,112,109,143,88,88,137,90,102,131,90,105,134,109,113,147,124,111,136,114,118,135,105,111,140,126,114,148,134,104,149,131,109,139,137,115,131,135,118,151,140,104,135,124,115,134,130,118,134,120,119,141,118,114,137,110,118,133,79,96,134,64,74,126,58,64,130,78,83,137,102,109,132,122,120,136,113,116,140,102,113,133,75,93,128,74,92,134,106,108,136,120,116,132,125,118,135,115,119,140,96,108,141,114,116,132,80,99,139,108,117,142,125,117,147,89,96
133,127,115,150,144,105,140,135,109,152,137,105,136,137,115,142,126,112,149,136,109,148,133,113,157,139,104,151,125,105,133,104,114,137,105,106,132,90,99,131,107,117,129,92,106,136,106,109,140,115,105,131,90,102,130,92,103,133,93,90,138,98,102,138,106,112,133,109,117,134,105,113,134,105,118,139,116,115,137,102,115,136,105,116,140,114,113,135,112,119,133,97,109,141,121,113,144,137,110,138,133,116,137,133,115,139,130,117,175,147,98,204,151,74,174,140,88,142,136,112,133,111,115,135,112,115,141,120,111,157,144,103,154,129,102,153,140,109,168,151,101,147,120,109,135,97,111,137,109,116,135,112,115,138,125,113,140,130,115,139,129,115,137,122,115,130,123,118,133,119,121,140,129,109,142,125,109,132,116,113,136,106,106,142,106,94,156,135,103,138,118,114,135,117,113,149,143,109,165,149,98,146,114,100,138,112,114,130,126,121,132,126,116,137,122,115,133,131,118,132,126,120,135,137,115,133,122,116,136,111,115,140,119,115,139,114,113,163,145,103,183,155,89,143,135,110,141,127,113,144,129,111,138,121,116,137,126,114,128,104,108,141,118,115,144,125,114,139,116,119,140,94,104,138,95,111,128,91,104,133,101,106,137,121,117,133,109,115,134,101,113,139,128,116,147,138,106,143,134,112,145,139,111,143,140,110,177,146,93,150,141,110,160,141,103,147,134,110,155,127,101,137,124,117,142,104,115,141,89,105,128,72,89,136,89,105,136,106,116,130,124,120,130,119,119,135,111,118,138,99,113,135,101,117,140,120,113,137,127,115,133,131,118,136,120,119,137,105,117,137,119,117,132,85,100,129,111,122,130,130,120,135,92,111
125,120,128,140,137,112,136,124,115,135,124,113,138,122,113,135,108,113,141,121,114,139,119,117,152,129,105,137,101,100,131,82,94,136,91,101,131,85,96,133,106,114,130,90,103,139,102,107,139,114,112,134,99,108,131,99,110,140,107,105,138,110,115,135,118,119,134,119,119,132,114,117,134,111,115,133,119,117,137,108,115,135,113,118,140,123,116,144,119,112,139,113,115,137,128,116,139,137,111,141,130,113,143,131,111,134,122,117,153,142,112,168,146,97,152,134,106,138,127,115,133,101,111,134,101,103,137,118,115,149,145,109,156,135,101,155,141,106,176,151,95,145,119,110,136,101,112,133,118,119,137,121,115,148,134,108,142,145,113,147,143,104,146,135,108,144,138,109,138,134,114,163,139,97,154,129,102,142,121,111,137,107,111,142,106,107,142,130,112,137,116,115,140,109,109,142,137,114,157,147,102,144,116,113,141,114,117,130,121,118,135,129,116,138,126,116,139,139,113,133,135,115,139,140,107,137,126,113,134,117,117,133,125,118,136,118,115,163,144,97,195,152,81,138,138,115,133,123,116,131,122,116,136,108,111,139,114,112,128,83,94,132,102,111,143,114,113,138,109,115,134,89,108,136,92,108,129,83,100,136,96,105,135,117,116,135,113,116,136,103,112,139,130,114,148,136,105,144,133,112,147,138,109,142,137,107,169,142,93,153,144,108,170,144,98,155,136,104,147,130,106,141,135,113,133,113,119,139,97,112,131,85,100,137,97,112,131,106,118,129,125,120,131,122,117,138,115,114,138,103,110,131,104,115,145,127,112,147,132,109,143,134,109,140,129,116,144,114,113,146,129,111,134,91,100,135,122,118,135,140,114,139,116,118
138,155,117,169,147,91,149,136,106,161,138,99,147,137,108,144,130,114,152,139,108,146,137,110,170,142,97,140,107,102,131,84,86,136,98,105,138,108,116,135,117,116,137,101,112,137,110,116,132,122,120,135,106,111,133,102,111,138,108,110,134,113,116,134,118,116,137,116,115,136,114,115,135,112,117,135,121,116,133,107,114,136,113,113,138,122,115,141,125,115,140,123,115,153,136,108,155,143,105,158,136,103,156,138,106,144,139,116,161,148,101,183,152,94,163,145,105,142,133,113,130,101,111,134,105,112,133,115,116,146,140,111,154,132,106,145,139,108,169,150,97,139,123,118,138,110,116,136,123,117,134,124,116,145,133,110,143,141,111,143,141,112,135,129,112,143,132,110,140,127,114,158,137,102,163,129,94,148,121,106,140,111,111,134,116,120,133,136,114,131,124,115,135,115,115,142,139,113,155,146,103,133,111,116,136,109,116,134,101,101,140,112,108,132,113,116,134,127,117,136,118,112,144,133,111,139,120,113,133,114,113,136,125,116,141,114,114,166,145,102,181,153,91,145,136,109,134,123,115,131,125,117,131,111,114,141,113,112,130,92,104,138,105,113,136,119,120,143,114,112,135,102,117,135,105,115,133,100,115,134,105,118,135,122,119,134,119,120,141,107,111,147,136,115,158,138,100,143,127,107,143,127,107,140,121,108,143,138,110,136,133,111,139,135,112,133,129,115,130,127,119,132,130,114,138,110,112,139,92,103,134,85,91,134,98,107,132,106,117,131,122,119,131,121,116,137,120,116,137,106,112,134,104,113,140,122,113,141,128,113,140,131,111,137,130,115,134,112,117,141,126,110,143,92,105,133,119,120,134,139,112,141,118,117
163,152,99,194,152,80,159,141,98,176,144,88,158,149,102,153,145,107,164,150,100,163,148,99,189,153,87,138,125,114,138,109,113,131,114,119,136,127,115,146,137,112,141,123,117,143,127,113,143,137,112,145,114,107,135,106,110,132,106,110,129,116,120,132,118,120,130,114,117,137,111,112,138,112,114,132,115,116,132,93,97,136,98,103,134,99,104,135,108,113,133,112,119,136,132,118,138,136,113,138,134,114,143,135,113,146,134,113,163,148,97,172,146,93,165,140,98,146,132,109,131,111,116,134,115,115,138,124,113,156,146,106,164,144,104,162,142,95,175,150,94,137,129,115,140,115,112,134,128,116,137,128,113,154,136,102,167,145,99,160,145,103,153,137,105,144,141,110,139,136,116,155,142,104,164,144,99,140,127,113,133,111,112,135,117,118,137,143,116,135,131,116,135,121,114,151,141,108,176,146,93,138,120,117,143,115,109,137,113,107,143,115,104,145,123,112,134,126,113,138,121,116,140,130,112,140,116,112,135,114,114,133,123,116,141,113,111,166,141,101,198,153,76,157,136,106,148,129,107,150,137,109,151,131,112,152,130,110,143,117,110,137,125,118,144,135,111,152,135,110,140,127,114,135,131,117,128,128,117,129,131,121,139,136,110,145,132,109,146,124,113,170,146,98,171,145,97,141,132,109,139,120,109,135,116,115,135,132,114,143,130,111,136,128,115,137,131,118,131,127,119,138,132,112,137,106,114,135,90,106,126,84,96,133,95,104,131,103,114,131,119,119,132,117,116,135,119,115,132,111,119,135,108,114,138,124,115,140,131,113,148,129,108,142,132,113,131,113,117,136,126,110,138,100,110,136,123,117,153,146,105,127,129,125
147,148,110,157,147,102,147,127,106,146,125,107,129,127,116,135,121,116,139,125,111,149,135,110,166,149,97,142,117,116,140,92,107,131,104,117,137,120,117,129,127,117,132,107,115,139,112,113,139,124,112,135,108,107,140,103,104,136,101,102,131,114,118,129,120,121,128,113,118,134,117,116,140,111,113,134,115,115,134,96,106,132,100,115,128,91,102,135,97,106,136,103,114,132,123,119,130,129,118,132,124,117,132,126,118,139,122,111,151,133,105,145,135,108,138,131,113,138,118,114,131,100,111,139,109,113,140,118,118,153,140,107,156,134,102,143,130,110,139,133,113,134,106,114,137,91,101,141,107,105,144,119,113,143,129,110,150,143,108,151,143,106,145,132,112,139,138,115,133,133,119,154,140,105,165,143,100,140,129,112,134,111,105,139,125,118,156,145,101,144,141,112,142,126,112,167,142,98,187,151,83,146,131,113,143,126,107,139,119,108,139,122,112,137,130,115,137,139,116,128,129,120,141,141,111,128,127,117,129,124,118,131,130,115,135,124,120,166,148,101,191,155,84,150,134,111,143,129,114,142,131,111,138,113,108,142,121,116,134,106,112,131,113,119,136,128,118,142,125,115,139,120,115,139,123,113,136,126,116,134,128,120,139,131,114,141,129,111,134,121,118,174,151,96,180,148,91,172,148,99,139,139,115,130,134,116,145,144,108,138,141,112,134,140,115,139,139,112,132,135,119,140,135,112,137,106,112,136,87,92,131,82,86,134,93,103,130,93,102,137,116,115,141,108,111,137,111,110,135,109,115,134,104,116,133,121,120,131,128,118,137,129,117,138,125,115,141,110,115,137,126,119,133,91,104,131,119,123,141,138,109,141,107,115
158,148,114,164,142,98,146,124,112,137,126,116,139,126,114,139,116,115,139,123,116,140,134,116,160,146,99,140,109,114,132,81,95,135,101,114,135,116,119,134,122,114,136,103,112,136,112,116,137,124,114,145,116,112,137,116,117,138,105,110,136,121,118,137,121,114,136,120,116,140,123,111,136,116,115,140,119,112,139,104,110,135,108,117,131,98,108,132,103,113,137,117,116,134,133,116,142,137,110,147,138,111,145,139,111,161,139,103,163,143,103,160,142,101,147,138,107,139,126,115,137,113,110,137,119,118,138,124,117,159,143,101,170,137,95,145,137,113,143,136,112,137,106,111,134,93,107,131,102,109,139,110,113,135,120,118,143,133,115,139,133,114,138,123,116,131,127,118,132,118,121,135,126,118,146,123,105,141,107,109,135,91,94,139,109,112,140,134,115,139,125,117,140,111,115,142,127,115,153,141,107,137,118,119,140,114,109,141,106,106,138,111,112,135,124,116,134,131,116,130,127,120,131,136,114,132,123,117,137,121,115,139,132,115,141,125,116,164,144,100,180,148,85,142,124,111,135,129,119,139,131,113,135,112,109,142,123,112,132,122,122,128,122,120,134,134,115,136,132,116,146,131,111,145,131,113,135,128,116,130,122,117,129,115,111,143,112,107,136,98,110,138,141,115,139,131,112,133,127,116,131,115,118,125,111,122,130,126,118,134,125,116,133,126,119,133,129,119,138,125,116,143,126,111,136,103,108,141,90,97,135,96,103,133,101,110,135,101,107,136,120,113,137,119,114,139,118,110,138,121,116,128,119,119,134,131,115,141,138,112,144,137,110,152,140,107,138,122,114,143,139,111,136,114,118,138,133,114,167,155,93,134,130,119
158,145,108,166,144,101,147,121,114,148,122,110,150,125,112,140,118,113,136,132,116,154,145,105,190,156,82,135,120,116,134,96,109,129,111,119,135,122,117,135,130,115,136,112,118,130,122,119,139,128,110,143,116,108,135,118,118,133,104,116,134,105,108,133,98,96,137,98,101,132,105,109,135,97,106,130,102,108,134,92,105,136,97,116,133,85,101,135,97,111,131,107,114,131,124,117,135,127,115,139,127,116,138,133,118,160,132,104,159,139,107,154,139,107,151,136,109,143,124,114,134,119,118,135,118,117,138,126,118,155,145,105,157,142,105,139,141,114,141,138,114,138,117,118,137,106,116,127,124,121,135,136,113,145,144,110,171,150,97,177,146,84,156,143,107,155,152,102,144,143,110,155,147,104,171,144,93,142,136,114,136,125,116,142,135,111,169,155,96,164,148,98,151,138,106,152,144,105,177,151,88,149,131,107,160,138,104,142,133,114,142,132,113,153,138,108,156,143,104,141,137,113,156,147,103,143,133,111,136,131,114,155,139,107,153,132,112,176,149,94,166,147,96,135,119,114,132,126,120,136,130,118,138,103,106,138,111,107,142,112,112,135,116,117,135,123,114,135,129,116,140,130,115,140,131,113,138,130,114,139,118,111,141,109,101,137,114,113,135,109,118,158,146,102,148,140,110,156,139,103,134,132,117,132,128,117,143,138,109,146,139,111,143,139,111,156,143,105,148,136,109,151,133,105,140,124,117,141,116,117,140,118,113,136,116,114,134,116,116,137,125,112,140,116,107,140,115,107,138,121,114,133,119,118,137,134,117,139,139,112,144,138,110,137,135,114,135,121,116,152,134,107,136,114,117,139,129,115,176,151,93,133,135,121
143,121,111,136,125,113,136,95,108,135,93,99,133,92,99,134,91,100,133,98,99,138,121,110,158,143,100,136,105,109,128,75,97,133,98,110,136,112,117,133,116,114,128,94,108,134,110,113,141,117,109,140,111,113,137,116,114,131,110,118,135,110,114,133,95,95,143,105,109,141,107,105,137,105,115,135,112,113,137,104,109,139,119,118,132,107,116,137,114,114,139,121,112,138,135,112,145,146,111,147,141,110,156,145,104,172,142,96,173,146,98,167,150,100,153,145,104,139,131,115,139,126,114,134,125,115,132,127,118,153,145,103,156,150,106,145,146,109,137,137,111,135,110,115,136,93,109,132,105,114,132,118,115,136,128,113,141,135,111,154,134,102,139,126,116,142,136,113,135,121,117,130,128,120,132,130,118,135,117,116,134,100,108,136,115,114,143,142,110,148,145,109,147,131,112,147,139,112,157,151,106,132,133,119,139,133,110,137,138,116,136,134,114,151,142,108,167,146,98,145,144,111,167,147,95,157,136,108,151,136,111,190,139,81,167,131,99,185,146,86,154,146,104,131,122,118,142,130,114,138,129,116,132,102,107,138,104,100,133,112,117,133,110,120,134,119,119,138,124,116,139,126,117,133,128,115,131,128,118,133,119,117,136,101,104,135,102,111,133,99,115,143,141,115,138,127,114,135,126,114,134,114,116,134,107,113,131,119,119,132,122,118,127,114,117,132,121,116,136,116,118,137,117,116,136,111,117,136,102,110,140,113,110,136,115,117,136,120,116,137,129,115,142,121,113,142,121,113,140,122,112,135,123,116,139,139,115,144,139,109,145,135,109,143,135,113,136,120,116,142,130,113,142,108,111,131,130,121,155,152,106,132,119,119
150,147,105,150,139,107,140,108,115,140,104,108,137,103,108,136,100,111,127,95,98,139,117,104,180,144,89,138,111,107,137,94,109,134,107,116,133,114,116,134,114,113,136,92,105,140,102,106,130,102,99,139,106,105,138,118,114,131,106,112,130,105,111,133,88,89,135,90,96,130,86,88,131,85,94,136,101,104,136,104,108,140,113,108,136,108,111,133,109,113,139,117,107,145,136,107,151,143,110,160,143,102,164,142,96,161,139,96,164,142,98,156,145,105,140,136,109,132,118,114,133,117,115,136,120,115,135,127,116,154,149,107,163,151,99,161,150,98,155,145,103,133,126,117,138,116,115,142,118,111,141,126,109,150,134,107,157,139,99,154,140,101,143,136,111,154,143,103,135,129,115,138,137,115,141,138,112,143,120,108,133,107,113,133,123,118,143,147,109,163,144,96,144,137,113,147,142,108,154,146,106,134,128,117,137,127,114,130,129,118,134,123,114,133,130,116,152,143,108,135,140,114,154,147,104,141,139,115,141,139,115,172,145,92,150,126,103,168,140,96,146,145,110,135,123,117,141,127,114,146,136,115,134,111,118,135,113,114,131,121,117,132,122,123,132,119,115,135,130,115,137,131,114,149,136,105,147,136,110,141,130,113,134,115,116,135,111,114,140,106,103,164,143,98,157,136,103,169,137,89,145,128,109,134,120,117,132,128,116,143,128,113,135,121,117,132,124,116,132,121,119,135,126,118,135,121,119,133,108,116,142,120,110,142,124,113,136,122,115,138,134,115,138,123,112,137,122,115,144,127,111,138,128,114,154,141,104,163,147,102,171,143,92,166,145,98,156,136,107,167,147,99,147,132,112,158,149,104,197,163,79,153,142,106
158,148,102,149,144,108,134,112,116,139,103,106,139,112,114,137,108,116,131,103,109,151,122,106,194,143,79,151,113,102,138,96,107,138,107,113,138,105,107,133,104,107,141,96,111,137,108,118,129,102,103,136,108,108,140,121,114,141,113,111,144,112,105,139,103,107,136,107,112,136,100,106,132,95,107,134,105,116,138,115,117,150,118,103,139,124,117,143,124,113,151,127,104,165,143,102,172,143,97,159,142,105,161,141,101,146,135,108,146,136,108,150,134,105,147,126,107,138,106,108,135,107,114,131,109,117,134,118,121,140,142,114,154,143,102,159,142,104,152,134,105,135,117,116,141,101,105,140,105,114,136,109,114,138,116,111,145,119,107,148,133,110,142,130,113,147,136,111,136,126,119,137,135,118,142,131,112,139,108,103,133,91,98,137,118,122,136,136,113,150,136,107,138,124,114,133,132,116,140,134,113,134,114,117,136,115,114,136,115,114,134,100,104,135,107,111,140,123,115,132,120,117,143,128,111,140,120,116,137,121,117,144,126,104,137,107,108,139,123,112,132,129,117,136,103,111,139,113,110,141,121,113,138,93,96,135,102,108,134,123,119,137,106,109,135,106,112,135,119,116,130,125,119,143,132,110,147,131,108,139,132,113,139,118,114,133,115,118,140,113,110,164,143,99,151,136,109,175,140,91,153,137,107,141,134,112,138,143,113,138,140,113,140,132,115,142,136,114,142,131,112,143,134,113,143,130,115,135,111,111,137,119,107,138,124,115,136,114,112,132,124,115,139,117,114,132,101,104,134,112,111,136,114,117,136,135,117,135,132,114,139,127,109,133,125,116,137,114,116,140,131,112,144,122,115,151,145,110,178,147,77,138,115,114
165,155,100,152,142,103,129,110,117,131,100,108,135,109,111,135,100,108,129,88,101,144,115,110,175,134,89,134,96,99,131,79,99,131,90,102,134,88,100,129,87,101,133,86,102,143,101,108,131,95,104,142,101,103,141,114,109,134,102,105,143,109,109,135,105,113,137,116,118,139,120,118,133,113,117,132,129,122,139,131,111,154,136,108,133,134,117,139,135,111,155,140,105,188,150,81,185,150,85,184,153,89,204,152,71,181,148,96,168,148,95,170,148,93,162,148,101,147,135,112,143,136,111,139,133,113,141,137,115,161,146,98,161,146,101,145,142,109,147,128,102,135,105,107,131,98,108,140,108,115,135,119,117,143,127,109,144,135,111,159,143,104,157,142,107,170,146,97,150,136,108,147,139,108,155,136,104,139,117,109,131,104,111,133,124,120,138,143,112,155,138,102,140,127,113,135,132,115,133,133,117,133,119,120,136,118,116,137,120,118,138,96,99,135,113,117,132,128,119,130,125,114,143,138,112,134,130,116,139,127,112,153,136,105,147,123,111,145,129,112,137,133,116,136,102,109,141,118,116,140,122,116,133,89,100,134,101,110,137,119,117,136,95,106,136,93,106,129,113,124,131,114,118,134,121,115,133,124,117,140,129,113,139,113,114,132,100,109,137,100,112,144,133,112,136,121,116,143,133,110,141,129,111,140,127,112,134,134,115,135,138,114,131,125,120,135,129,119,130,126,121,136,123,114,141,125,115,141,108,115,132,115,117,142,116,115,135,105,112,132,116,112,137,105,102,132,95,100,136,103,105,134,109,116,140,126,111,134,118,106,144,115,102,133,114,119,132,105,116,131,118,113,140,120,118,156,142,106,188,144,78,133,120,118
171,155,96,162,145,102,141,112,109,133,108,117,135,118,117,137,108,115,129,95,104,147,110,108,154,133,107,140,103,113,139,96,111,133,105,117,135,105,115,136,98,108,130,91,104,142,103,108,141,110,115,140,117,120,147,125,113,137,106,105,136,107,111,136,102,112,132,113,119,140,110,116,137,98,107,133,108,113,139,120,114,139,126,116,138,120,113,143,120,110,141,132,115,175,145,91,177,141,88,149,140,105,183,145,83,157,138,107,143,133,111,148,127,106,151,128,106,138,120,116,132,123,117,131,128,118,141,133,113,161,138,98,168,146,99,154,144,105,145,131,110,143,111,113,136,98,104,140,104,108,143,121,108,150,125,103,147,136,110,156,140,103,166,138,96,166,145,97,150,132,109,141,132,112,138,130,113,136,105,110,132,90,100,135,110,117,128,135,119,141,130,113,138,114,114,134,118,117,133,119,119,133,108,118,139,108,115,137,110,115,131,84,100,133,110,119,135,118,116,130,121,120,129,134,118,131,130,118,132,124,114,147,139,109,138,128,113,139,128,113,138,132,113,138,111,113,148,125,110,144,133,112,136,106,112,140,114,115,148,127,110,140,103,111,131,93,106,130,118,123,129,112,119,127,116,120,131,120,120,140,124,113,141,107,108,133,94,105,137,92,109,132,123,117,137,107,113,135,113,111,132,118,116,136,119,115,138,127,113,144,131,110,137,118,115,133,125,118,133,121,115,143,118,110,138,122,113,134,109,113,136,125,116,139,120,114,134,116,118,134,125,114,142,113,103,138,109,114,135,119,114,141,123,114,152,137,108,158,129,102,143,121,108,134,114,113,134,94,95,139,116,113,137,124,118,155,144,104,172,144,88,136,122,118
193,172,85,197,153,77,159,124,101,140,126,115,139,134,115,136,120,118,139,106,110,135,122,120,160,146,104,131,122,120,137,113,117,132,124,118,135,121,117,133,113,118,132,101,111,136,113,116,134,116,113,134,122,115,142,135,112,144,128,114,133,121,119,133,108,114,135,111,112,135,109,117,131,86,97,135,99,106,133,111,114,135,111,111,133,106,111,137,108,111,142,123,114,158,143,103,162,140,101,159,136,104,169,148,98,151,141,106,151,138,108,149,131,110,141,131,112,138,117,117,126,117,119,131,121,115,137,127,115,144,138,113,137,141,111,136,140,113,132,126,118,136,99,111,129,79,92,134,81,94,132,108,110,137,115,113,140,120,116,141,131,115,147,130,113,144,133,110,130,122,119,133,119,115,139,117,112,134,99,111,131,87,100,133,101,113,128,130,119,131,125,115,136,114,117,127,115,120,129,116,118,134,107,117,134,107,120,140,110,115,133,89,107,129,110,120,129,118,119,131,119,118,131,129,116,135,120,116,137,109,113,135,126,115,141,119,114,139,121,114,137,128,114,143,117,115,153,130,108,150,140,108,139,120,113,134,131,116,163,146,100,133,124,118,135,125,115,142,136,110,143,132,114,144,139,114,137,134,114,148,135,110,140,122,116,133,116,118,134,106,118,133,131,115,131,116,117,138,125,113,138,131,111,134,131,116,136,135,113,142,137,110,135,119,113,142,123,112,136,119,118,147,116,113,139,118,115,135,105,113,139,126,115,135,118,117,133,109,115,137,120,116,148,111,101,129,116,118,142,131,113,139,127,110,170,140,97,166,138,99,144,132,115,138,114,116,130,75,88,133,103,112,131,119,120,150,141,106,169,145,92,135,118,114
169,139,93,161,140,96,133,103,105,134,105,111,135,122,116,136,105,115,128,82,93,136,113,117,141,140,112,134,112,114,132,95,108,136,115,115,136,114,117,140,113,116,133,101,115,137,110,114,134,111,108,143,128,111,165,137,101,149,132,110,140,123,114,136,116,116,134,119,116,140,121,115,138,108,120,134,115,118,131,123,119,137,121,113,138,114,113,134,114,118,136,126,119,161,145,102,156,141,102,145,136,117,150,141,108,142,135,114,136,128,114,138,124,115,135,124,117,135,114,119,135,116,113,140,118,110,138,132,115,139,135,111,145,140,107,152,138,106,145,127,113,136,97,111,131,83,99,136,89,103,136,113,116,136,126,117,143,131,114,160,137,101,168,135,101,175,143,96,145,125,108,142,127,113,143,123,112,140,108,109,138,99,108,138,109,114,132,130,116,142,129,115,133,124,120,131,124,121,131,126,120,133,117,118,134,117,118,138,116,118,140,101,114,129,119,122,128,119,116,131,122,116,136,132,113,133,117,117,134,103,108,135,119,117,135,112,116,133,112,121,134,113,115,137,95,112,134,115,119,133,128,117,140,98,109,136,112,119,136,131,118,135,112,118,133,116,118,128,129,118,134,127,119,139,131,114,129,128,118,135,130,115,137,126,119,138,118,116,136,111,118,136,130,114,137,113,114,128,120,119,132,132,114,138,130,112,147,135,110,138,137,111,131,119,116,133,125,119,135,125,119,139,122,117,142,128,114,141,114,116,131,128,117,137,112,107,135,104,111,133,116,117,141,101,103,131,101,109,139,117,115,137,118,117,140,129,111,142,133,112,134,125,115,141,110,116,132,70,89,131,85,91,133,107,106,149,138,108,169,146,93,139,126,112
160,148,107,176,145,90,140,112,112,134,118,116,140,127,112,139,111,112,132,89,95,137,119,120,155,145,107,139,123,115,137,108,115,132,123,118,124,124,123,134,119,117,140,109,115,138,113,115,137,117,114,144,134,113,160,143,102,149,138,108,136,125,117,134,115,116,129,120,118,137,127,116,135,119,118,130,124,119,134,129,116,140,130,114,134,121,114,134,125,119,143,136,115,164,148,98,160,147,99,144,143,112,159,149,103,140,134,109,138,130,113,136,124,113,134,129,114,132,127,120,139,131,113,152,129,107,152,141,108,156,145,103,162,150,94,163,145,98,161,141,102,143,122,116,145,116,110,136,122,119,147,139,109,156,143,105,154,146,105,186,144,82,207,152,71,223,156,61,188,143,81,160,148,103,165,148,100,146,135,110,138,128,118,135,131,114,159,150,101,149,148,109,146,143,109,137,139,113,152,138,105,159,135,104,145,136,111,141,133,113,131,121,121,140,133,111,141,129,111,136,132,113,146,140,109,136,130,114,145,120,108,145,131,111,145,130,115,135,125,118,130,118,115,134,108,117,135,123,116,138,136,112,135,104,114,133,114,118,143,128,113,136,113,121,136,119,122,137,130,116,137,125,114,134,136,116,132,135,117,140,141,113,136,134,114,137,129,117,138,113,112,145,130,112,130,107,109,134,115,113,137,131,115,134,129,114,142,138,112,139,138,110,129,126,120,127,132,119,131,136,117,141,132,112,147,142,108,131,125,118,139,137,113,146,126,111,133,116,115,140,130,115,145,116,108,135,117,113,141,125,113,136,124,115,142,132,109,141,137,112,133,132,115,137,111,115,134,83,102,129,92,104,139,112,106,150,137,109,161,145,96,138,121,111
153,154,107,172,149,91,143,122,110,138,129,114,147,138,109,140,125,112,137,112,112,134,128,116,170,144,92,157,127,104,138,113,114,136,128,117,135,128,116,148,124,109,138,110,117,136,119,120,134,118,118,141,128,114,146,138,110,143,133,112,135,124,117,135,120,119,130,120,119,129,127,118,131,120,118,130,126,118,132,130,117,134,127,117,145,125,111,138,126,117,152,137,106,170,146,94,169,145,97,142,139,113,150,142,106,141,129,112,133,122,117,135,115,111,138,122,114,133,119,118,133,129,119,139,125,115,147,140,110,159,144,106,175,145,90,162,143,101,161,135,96,137,121,114,149,114,104,136,113,120,136,132,118,152,135,105,148,139,108,161,137,98,195,147,85,204,155,76,167,139,88,145,138,108,140,136,113,135,128,115,140,113,110,133,122,119,149,142,110,145,144,111,144,138,110,137,135,116,148,136,111,151,131,109,141,136,114,132,136,117,133,126,117,143,139,109,141,136,113,152,139,104,155,144,102,160,138,103,167,135,98,185,151,86,184,147,92,159,142,100,142,134,109,132,119,113,138,132,115,152,146,104,133,118,118,133,126,116,143,138,113,132,122,119,139,126,117,146,131,112,143,123,114,136,133,116,140,133,114,144,140,113,152,134,107,145,127,113,143,116,110,154,126,107,142,116,110,133,117,118,137,128,115,134,125,118,142,130,114,134,131,113,137,113,114,132,116,117,131,122,117,138,123,115,141,140,111,138,123,119,135,134,114,141,125,112,131,119,120,135,128,116,153,118,106,149,133,112,136,133,116,145,131,112,158,140,104,155,145,105,152,141,108,152,122,110,140,94,100,133,111,117,142,131,112,171,152,99,187,154,83,136,134,107
149,152,113,165,150,93,136,127,117,137,133,113,143,139,113,146,128,109,143,123,110,141,140,113,191,149,82,164,136,102,142,128,114,136,133,113,141,133,112,164,127,95,144,114,113,138,127,118,130,126,120,147,133,110,163,144,101,154,139,105,140,136,113,137,132,114,139,132,115,145,132,108,130,129,119,133,133,116,132,136,116,134,135,115,140,132,114,152,132,109,158,141,102,208,152,71,207,152,68,182,150,91,170,154,97,141,142,113,134,128,113,143,125,109,141,124,111,133,121,118,130,126,116,135,123,112,161,134,98,182,139,85,191,141,69,166,137,93,156,134,100,134,117,111,151,114,104,138,106,115,135,123,117,148,131,110,142,130,113,142,131,110,149,139,109,167,149,95,149,135,106,154,134,108,155,132,106,140,126,111,141,117,108,141,125,112,148,143,111,151,144,108,143,141,112,135,136,113,143,138,113,152,134,106,147,138,109,143,142,111,134,133,115,148,144,106,141,138,111,156,139,104,165,148,98,151,143,107,166,136,94,198,142,70,182,146,90,161,141,101,143,120,105,133,100,102,133,122,120,144,143,113,139,113,117,132,127,121,135,138,115,131,127,117,134,133,117,135,138,114,133,132,116,135,142,112,140,140,113,148,143,108,148,140,110,143,133,113,139,122,115,148,138,110,155,130,112,137,125,119,130,127,113,134,124,115,144,129,115,145,128,112,134,103,112,133,107,114,129,108,113,136,111,113,143,126,111,132,102,109,133,114,110,134,100,111,133,92,102,134,101,104,136,89,97,136,108,111,131,105,108,137,110,112,134,121,115,136,134,112,133,128,118,140,98,104,134,64,75,140,89,97,139,115,114,153,141,106,178,150,87,134,134,117
142,132,112,149,142,106,135,118,119,140,133,115,132,126,116,140,113,107,138,101,99,145,127,112,161,143,100,156,137,107,141,133,116,142,137,109,142,137,111,157,128,95,136,116,121,132,120,119,134,117,119,130,125,121,139,138,114,132,128,117,135,125,116,133,124,117,132,120,117,134,123,118,137,122,116,131,129,119,128,128,117,130,124,119,136,119,115,134,115,113,142,129,108,186,151,86,182,152,79,165,143,99,161,148,101,139,138,116,139,125,116,152,120,105,137,116,117,132,114,119,131,115,119,134,109,114,132,126,117,138,135,114,142,136,106,138,133,111,140,130,114,136,113,113,141,105,105,141,109,112,135,122,116,146,134,111,144,140,111,141,138,108,154,141,107,178,153,90,161,146,102,147,141,105,166,137,105,166,131,98,162,125,96,163,134,105,160,147,104,148,144,108,148,138,106,136,132,113,134,133,116,140,129,114,140,133,113,139,129,111,140,117,113,133,129,115,132,118,115,138,119,110,141,133,114,136,125,118,149,131,114,165,140,98,151,138,107,143,134,111,141,104,106,135,85,93,137,113,119,139,140,120,136,105,114,139,115,114,136,128,116,135,119,120,134,119,115,133,126,115,131,124,118,133,136,115,136,137,115,148,145,109,145,142,110,141,141,114,135,132,115,156,142,104,177,144,95,173,137,95,172,138,94,157,131,100,147,139,113,136,133,115,143,115,113,136,114,117,134,115,115,138,113,111,135,134,114,141,106,110,133,118,114,140,101,106,134,96,104,137,101,103,136,86,98,138,109,116,130,101,108,138,109,113,130,121,119,134,137,117,131,124,117,138,93,105,127,62,81,142,91,107,139,116,118,137,135,112,159,148,102,131,125,120
142,152,109,171,150,91,140,129,112,169,139,94,141,129,111,136,117,111,139,107,104,144,123,112,147,134,109,133,131,121,132,120,117,139,122,112,140,123,111,159,125,92,138,113,117,138,122,114,134,110,118,133,121,117,149,131,107,137,122,115,136,122,116,131,127,119,128,122,118,133,125,115,130,125,120,138,131,114,139,133,114,132,121,114,132,119,118,138,114,116,140,124,113,165,141,96,154,138,101,140,136,115,144,141,112,129,123,120,137,109,113,145,111,110,135,104,109,134,106,117,134,111,114,136,108,114,133,128,119,137,135,114,140,134,109,133,130,116,133,122,117,131,103,113,132,92,102,130,94,105,135,110,115,131,122,121,128,126,120,128,123,118,136,130,117,161,146,100,140,136,114,140,132,112,147,128,113,155,131,107,146,120,106,148,133,110,165,143,98,159,142,102,164,137,99,144,131,107,155,133,103,157,129,101,153,138,106,145,137,110,138,119,113,145,132,111,133,122,116,136,125,112,142,138,112,132,128,117,143,135,115,170,146,97,161,143,104,158,140,107,144,117,113,135,97,103,144,134,119,170,153,100,149,121,107,146,131,113,150,135,107,144,122,112,139,116,106,138,128,115,131,129,120,139,139,112,135,134,118,134,136,114,135,136,116,140,127,114,131,115,119,129,127,119,136,128,115,139,127,117,137,129,118,132,124,118,127,131,121,127,127,116,136,108,112,135,109,114,134,118,117,136,115,116,140,132,113,139,110,117,137,121,116,141,103,113,137,100,111,131,104,114,136,85,101,138,103,112,130,98,106,137,103,109,133,126,116,142,141,112,135,126,116,137,97,106,130,77,92,135,100,117,132,116,118,142,134,110,164,148,97,132,128,122
154,149,100,157,148,100,143,129,114,153,139,103,141,128,111,140,115,109,135,109,106,141,124,108,147,131,107,138,128,114,138,121,112,143,121,109,146,128,109,161,130,93,143,119,113,148,126,110,135,108,112,132,125,121,151,135,107,141,123,115,136,123,117,137,132,113,133,125,115,132,124,116,130,128,117,145,133,111,147,135,112,139,124,114,133,117,116,140,117,114,146,128,109,180,144,87,167,138,94,153,143,109,149,145,107,128,128,117,137,114,114,141,120,114,140,112,111,132,113,119,128,118,118,132,114,119,141,131,115,156,133,102,154,136,105,132,128,117,142,121,115,130,93,106,129,88,101,137,100,110,136,111,119,131,116,117,132,121,119,142,108,104,134,121,120,148,135,109,143,116,108,139,105,104,138,96,109,135,102,110,138,100,105,136,118,118,131,129,118,134,132,115,133,129,118,134,124,118,137,121,112,136,128,116,136,137,115,139,134,114,138,117,114,139,132,113,138,121,115,146,124,109,142,137,111,131,127,119,135,126,116,161,143,102,151,139,108,144,129,113,144,101,113,133,82,103,142,126,122,162,149,104,142,119,113,144,129,117,137,134,115,143,107,106,134,94,97,137,117,115,132,114,118,141,130,115,135,120,118,130,119,116,133,123,115,133,115,116,132,105,117,130,124,118,132,130,116,132,129,118,130,134,117,129,132,119,136,135,113,135,131,112,135,110,106,140,114,109,143,121,113,139,124,114,159,141,103,141,123,114,150,136,107,139,126,119,139,127,116,141,125,112,139,110,120,135,115,115,135,112,115,135,110,115,134,130,115,158,144,102,144,130,112,141,104,108,130,87,98,139,108,117,132,119,116,133,135,113,171,149,93,131,126,121
129,128,124,140,135,110,139,113,114,150,135,106,138,123,115,138,111,109,137,111,110,139,120,113,142,132,111,140,133,113,139,133,114,142,132,113,152,142,109,181,145,90,141,128,113,143,129,114,133,110,116,132,122,115,138,138,113,127,128,122,133,123,114,146,130,107,141,119,110,143,126,112,147,130,110,140,135,113,142,142,113,130,136,119,136,125,114,141,117,112,144,127,111,174,149,93,167,146,98,160,146,102,155,145,102,139,136,113,132,121,118,139,134,114,137,124,114,135,126,117,133,130,116,131,127,116,139,136,112,156,135,101,145,143,110,135,133,114,141,118,113,128,89,101,128,83,91,136,103,111,134,115,117,136,119,117,137,124,117,137,112,116,139,119,116,145,141,115,142,116,115,138,94,98,134,83,94,135,96,106,142,97,107,142,113,116,133,124,117,132,126,119,134,128,118,130,122,119,136,118,116,132,120,120,130,131,119,134,124,117,134,103,109,135,124,116,132,115,117,141,115,111,135,126,115,135,115,119,133,114,118,142,134,115,142,123,114,151,105,104,141,61,84,132,43,73,142,89,104,140,131,120,136,109,120,134,119,120,133,128,119,132,108,119,134,102,110,137,124,115,131,127,119,143,141,112,141,132,113,138,130,113,134,132,115,131,128,118,135,118,116,133,132,117,135,137,115,139,135,115,148,141,112,145,136,110,159,138,104,141,132,110,141,113,107,141,117,114,141,125,116,139,128,115,161,146,100,142,131,115,161,148,103,133,133,118,145,137,111,150,139,109,135,126,120,137,131,115,132,131,119,135,126,118,141,141,113,166,145,97,141,135,115,140,106,113,134,87,92,136,107,115,130,116,120,131,132,115,161,145,98,133,118,121
125,132,125,139,128,111,139,101,105,144,133,112,135,116,119,135,97,107,136,96,103,137,99,105,132,114,114,136,120,116,137,123,117,140,127,115,149,138,110,183,147,87,145,130,112,145,126,113,133,96,99,143,121,114,138,134,113,128,125,116,135,117,113,150,119,96,134,104,101,133,114,117,134,120,119,143,131,113,140,139,113,127,130,116,135,124,118,137,113,116,135,123,118,157,141,106,158,138,106,162,138,104,145,133,110,136,122,116,133,103,109,145,119,109,141,118,113,141,121,114,135,128,116,140,126,112,136,131,113,137,134,112,136,136,112,134,125,116,135,112,116,137,100,111,139,103,110,136,122,117,144,139,114,157,139,105,165,143,100,149,140,112,156,151,106,184,154,88,158,142,108,145,123,112,140,112,114,136,116,117,135,113,118,135,116,115,133,122,115,132,124,119,134,127,117,140,119,116,139,117,113,133,124,118,130,133,117,137,127,115,135,105,113,133,128,118,133,116,115,134,120,117,137,135,116,135,120,116,143,123,114,163,139,103,143,128,114,152,92,95,137,50,71,132,33,50,135,78,96,134,120,116,139,103,116,135,115,119,130,123,119,137,110,115,135,99,107,137,127,117,134,129,121,159,143,105,158,136,107,149,131,110,139,137,114,141,134,112,133,122,115,141,137,113,166,142,98,142,144,114,147,146,105,150,142,107,164,143,100,156,136,102,138,122,112,131,128,121,136,129,117,129,128,121,143,147,111,126,130,119,147,143,108,126,130,124,139,134,114,148,140,109,132,126,119,136,138,117,136,140,115,135,134,115,161,149,98,193,156,82,150,136,105,140,117,116,137,99,104,140,114,115,134,121,118,130,133,116,151,142,107,138,108,110
134,132,113,135,129,115,135,99,108,142,125,114,139,109,112,141,101,115,137,99,113,131,94,103,133,105,113,132,113,119,131,113,115,136,120,118,140,132,116,161,135,97,137,116,111,140,105,105,125,73,85,134,103,107,140,127,115,135,116,118,138,110,114,141,120,102,142,101,105,135,115,119,129,126,119,151,131,105,154,135,105,138,125,113,142,109,107,137,99,107,137,119,116,144,139,112,133,134,116,141,129,111,134,130,119,137,109,114,127,80,88,139,98,96,141,106,104,131,114,119,132,119,117,133,117,118,138,119,115,141,120,108,131,132,116,132,125,120,139,112,115,132,98,112,140,100,109,137,112,114,136,126,117,142,134,113,154,141,106,144,134,115,141,139,114,159,147,102,143,133,113,151,110,107,143,98,110,130,106,120,138,108,111,134,116,117,127,129,119,130,127,114,147,133,109,135,126,118,140,121,111,136,120,112,130,133,116,131,126,117,133,113,121,130,126,115,130,118,121,130,123,119,130,139,118,128,123,117,136,125,117,165,143,98,152,132,108,146,111,119,145,90,107,136,73,94,139,96,112,137,125,116,138,113,118,133,119,120,127,131,119,132,124,119,139,116,115,141,134,112,142,136,113,175,145,94,167,142,104,152,131,109,158,136,106,152,135,111,137,120,114,139,130,112,155,141,106,145,141,110,146,142,108,135,137,114,152,143,108,150,137,106,137,124,117,134,121,117,131,122,117,133,128,120,136,143,113,139,128,112,149,139,109,131,120,118,130,121,117,137,121,112,133,102,115,130,121,119,130,121,115,138,110,110,144,136,112,167,146,96,138,130,116,134,120,119,135,114,119,149,128,110,149,134,110,163,148,104,184,154,84,144,138,111
142,143,110,137,135,113,131,116,118,147,133,110,139,115,112,140,108,115,140,110,114,139,111,115,133,111,117,132,118,117,138,123,114,143,121,114,152,136,110,170,139,97,145,114,109,134,100,106,125,81,98,138,108,113,143,127,113,135,114,121,132,94,101,143,100,87,134,84,89,135,107,113,134,111,113,138,120,114,131,126,120,130,123,119,136,100,109,135,91,109,137,114,118,137,135,114,137,130,113,139,129,113,135,127,116,137,118,119,134,90,105,138,101,107,137,104,106,131,116,119,130,121,119,132,119,118,141,120,115,140,116,110,133,127,116,132,116,119,137,105,117,137,90,103,135,89,105,134,105,117,130,119,119,133,128,116,152,141,106,151,131,106,146,137,112,151,145,107,133,117,112,137,91,98,129,69,79,124,89,100,130,87,94,136,98,107,132,121,120,131,121,118,136,126,115,138,118,113,136,116,116,140,116,111,134,125,114,127,125,124,128,109,120,130,128,119,133,115,118,135,124,119,137,139,114,132,127,119,144,129,114,164,141,94,147,139,109,137,126,117,136,114,120,139,97,113,143,105,118,137,126,116,138,124,118,132,127,121,130,136,117,135,128,115,142,120,111,162,136,100,149,137,109,172,145,97,167,143,99,142,127,112,148,137,110,144,130,113,141,117,112,137,129,115,151,141,106,159,134,103,152,135,108,143,131,113,142,129,112,142,131,111,136,120,121,134,112,119,134,107,108,133,119,119,136,138,116,140,123,114,137,139,116,135,112,113,138,117,114,135,121,116,134,100,113,132,117,115,137,127,115,138,114,116,146,136,114,169,145,96,131,131,118,126,127,124,127,120,122,136,132,116,145,137,112,157,147,104,173,156,91,123,137,119
160,155,101,155,145,103,146,131,107,167,146,100,148,133,110,139,123,117,135,119,115,139,119,117,138,111,111,145,114,109,141,123,113,137,125,118,164,142,101,192,142,84,158,128,108,145,121,111,135,109,117,141,125,112,158,137,103,154,134,111,143,117,113,155,123,106,141,109,112,138,123,118,149,124,110,151,134,108,155,141,105,147,134,108,143,125,117,134,112,117,145,119,106,142,136,112,139,131,113,142,130,112,134,131,116,135,122,118,133,97,113,136,98,108,137,113,115,133,121,114,127,124,119,128,126,120,137,116,111,139,114,109,135,130,115,136,121,117,141,106,113,143,100,105,136,97,113,132,109,118,131,125,121,135,133,117,162,142,100,154,136,108,159,137,104,160,143,103,144,117,111,139,86,94,137,77,86,136,102,110,134,98,104,134,104,114,134,124,117,138,121,116,151,123,107,135,116,115,135,117,116,136,120,118,131,129,119,129,125,119,131,117,123,134,140,118,129,127,119,134,133,116,149,150,107,139,137,113,151,134,109,180,140,88,167,139,102,143,126,116,138,109,111,129,81,99,132,86,102,135,109,114,135,114,118,135,117,116,140,133,114,142,128,112,143,114,107,148,135,112,140,135,116,161,141,103,164,143,100,139,128,115,150,132,108,137,127,118,141,114,112,144,123,110,141,139,113,145,134,112,141,134,112,143,137,116,144,134,113,154,137,107,137,128,118,130,117,119,138,109,112,134,118,118,135,136,120,139,125,120,147,134,108,137,108,114,136,121,119,137,121,114,135,97,106,136,120,116,136,131,117,134,117,119,143,136,114,169,141,91,133,128,120,128,123,120,131,115,119,135,126,114,134,130,115,154,142,105,173,155,91,137,134,110
152,128,100,148,128,109,138,121,118,148,137,109,152,129,108,134,106,112,137,112,111,142,113,114,132,88,96,130,88,94,132,104,108,134,111,112,148,138,110,157,146,105,139,131,117,140,125,118,135,102,112,147,112,110,155,133,111,151,127,113,145,111,115,147,125,114,135,107,116,126,121,121,131,118,119,131,124,119,141,131,115,136,130,119,137,113,115,132,104,118,132,106,117,133,122,117,134,121,118,136,122,117,133,127,116,137,122,120,138,92,101,135,86,96,134,106,110,133,118,116,137,117,113,142,125,113,148,123,110,142,119,111,147,134,107,147,118,107,136,106,114,146,111,109,133,104,119,126,116,123,132,127,119,145,138,113,169,149,98,155,145,105,169,145,99,163,152,97,141,122,113,143,104,112,140,102,116,133,114,119,133,100,106,135,102,108,136,119,114,134,109,110,148,118,105,138,114,109,136,122,116,136,128,117,142,139,109,145,135,111,136,124,117,151,143,106,137,133,115,136,136,115,153,150,103,144,142,111,158,142,105,179,146,91,175,149,98,149,131,111,142,121,115,136,105,115,136,99,111,138,116,120,134,122,118,141,123,117,141,135,114,148,131,110,140,121,112,149,133,107,139,133,114,153,144,109,159,146,101,137,127,115,143,133,114,136,129,116,136,121,117,134,129,118,149,149,108,155,141,102,156,144,104,148,146,107,146,140,105,165,147,98,148,145,106,137,141,114,160,137,104,149,144,107,167,154,98,156,144,105,176,151,93,143,130,112,152,140,106,165,135,100,134,102,102,136,128,118,142,136,112,134,123,119,136,136,115,166,145,101,137,124,116,133,115,117,133,103,115,139,110,111,136,114,113,139,130,114,138,134,111,137,100,109
146,123,116,141,130,114,139,121,115,155,135,102,157,124,97,132,106,110,135,117,117,139,115,114,134,90,106,133,93,105,133,105,112,135,103,109,141,130,113,146,134,109,137,115,112,142,103,109,127,73,86,134,86,99,143,106,106,139,86,91,129,65,81,147,107,109,136,92,109,130,122,119,133,120,119,138,126,112,149,133,109,147,131,110,145,119,112,136,116,118,137,113,112,134,126,118,138,121,116,143,119,109,139,125,115,145,116,114,141,74,83,137,76,89,132,100,110,136,114,117,134,104,111,136,113,114,144,109,110,138,105,110,145,125,108,136,102,103,137,95,104,140,103,107,134,106,119,131,117,119,135,124,116,141,134,115,174,144,93,157,136,102,164,140,101,172,147,91,145,111,109,141,101,109,137,93,103,139,110,112,137,101,102,138,101,104,146,117,108,135,108,108,143,120,111,137,117,117,136,124,117,138,131,114,145,139,109,140,133,115,137,120,118,146,140,111,143,127,114,136,127,119,156,145,103,139,135,113,161,133,100,162,141,96,165,146,98,138,133,115,140,120,112,135,110,114,137,106,114,135,110,115,132,121,119,133,116,119,137,126,113,139,131,118,141,126,116,146,129,110,134,129,115,143,139,113,167,150,101,140,126,113,135,128,117,137,127,116,135,116,118,133,125,119,144,141,107,152,134,108,144,143,113,143,139,109,142,136,110,144,139,106,139,137,110,132,133,115,142,127,114,143,137,114,149,144,108,145,140,111,166,153,97,141,125,112,164,141,103,171,145,98,132,108,113,146,128,111,150,138,108,136,128,117,144,140,110,168,147,94,143,132,110,128,127,120,128,116,120,129,124,118,132,127,115,146,140,109,160,142,101,136,116,110
134,138,123,138,137,113,137,124,116,154,131,100,152,114,90,139,105,102,136,117,116,137,116,115,132,95,110,133,104,114,139,116,112,134,113,115,150,136,105,150,136,107,141,117,111,141,111,118,134,93,107,140,102,110,143,110,113,144,88,100,131,59,75,136,93,102,135,85,102,135,118,119,132,114,117,134,120,116,133,122,114,138,125,115,136,117,117,137,109,112,140,109,112,132,124,122,130,113,116,137,111,110,136,115,116,151,101,106,130,45,60,134,56,73,132,83,95,133,96,106,133,92,106,136,110,116,134,97,105,137,97,104,144,128,114,137,95,103,134,84,101,130,88,105,131,85,102,131,102,111,131,114,120,134,132,117,169,136,91,143,130,109,145,132,111,159,135,101,137,98,106,132,85,93,132,81,94,136,93,107,132,90,101,133,87,101,135,97,102,135,92,100,139,104,109,135,108,114,133,107,115,138,119,112,133,131,117,133,121,114,133,107,117,136,134,114,135,116,116,135,117,118,150,139,111,140,126,114,137,123,113,148,134,109,154,133,104,143,123,113,138,115,116,136,108,114,137,108,113,138,112,116,137,121,115,137,114,113,143,131,114,147,137,112,142,131,115,139,128,114,138,128,116,141,134,114,157,144,105,140,110,108,135,106,111,133,110,116,132,93,101,131,109,113,139,130,113,144,128,113,131,136,115,137,135,112,141,127,112,146,137,108,140,135,106,138,135,114,139,130,116,146,138,107,151,144,106,151,145,110,163,148,96,142,121,114,160,136,104,162,140,97,133,103,114,138,114,114,141,119,108,138,110,115,132,124,119,137,131,114,132,111,114,132,103,115,133,94,110,135,105,117,131,115,120,135,128,113,138,132,116,142,101,112
145,142,120,147,138,109,142,125,113,161,127,97,147,118,103,136,101,102,136,109,106,140,116,112,133,98,111,130,108,116,137,123,116,136,118,115,149,141,105,146,137,106,133,126,118,131,120,119,141,111,114,139,109,115,138,115,117,138,105,119,135,74,91,134,85,98,135,81,102,138,120,117,136,117,116,135,124,115,134,129,118,133,127,116,143,120,114,138,115,114,136,107,111,137,122,115,135,111,114,134,110,112,133,115,118,143,100,115,131,56,79,133,71,91,137,100,117,136,104,115,130,99,116,130,115,120,140,109,111,137,108,110,147,135,109,143,102,110,128,73,90,138,87,98,130,79,93,135,91,100,138,113,119,132,131,122,149,134,105,141,124,106,141,125,110,143,126,108,139,94,102,133,93,103,136,94,100,135,104,117,137,101,110,138,101,113,136,106,116,133,99,111,137,107,115,132,98,106,133,100,111,137,120,116,135,129,117,132,123,120,131,106,119,143,134,111,137,124,118,140,128,112,182,142,86,169,131,97,151,130,106,151,136,105,154,135,106,143,105,105,136,98,107,133,97,112,136,102,114,134,100,112,135,118,114,144,118,113,148,136,110,156,142,103,149,134,110,145,129,110,136,128,116,143,134,115,151,141,109,132,104,108,132,96,106,133,95,99,127,80,89,131,101,113,128,125,121,133,115,117,133,124,116,136,120,115,138,114,118,135,124,115,136,126,110,132,125,118,135,118,116,141,129,111,134,139,116,145,141,111,168,143,96,138,113,116,144,130,110,162,137,100,137,101,117,138,109,114,146,115,108,138,95,104,134,114,111,137,120,110,131,105,115,133,98,112,129,80,94,134,96,112,133,105,115,132,116,116,131,115,118,140,78,101
142,155,121,165,145,98,152,129,106,156,128,103,146,124,110,138,106,102,137,111,107,137,111,115,132,92,110,135,111,116,133,119,117,132,115,117,138,139,113,139,133,112,133,122,116,129,119,118,135,107,116,136,105,115,134,111,115,137,110,119,132,84,107,137,90,108,136,89,107,132,123,120,134,123,118,141,126,111,141,137,112,146,137,110,143,131,112,146,134,113,139,130,116,154,135,107,141,130,113,139,128,114,137,132,115,153,126,112,134,88,98,133,95,106,136,117,121,130,118,122,130,107,117,132,124,119,140,113,112,138,112,111,144,135,110,139,90,102,128,62,82,133,76,89,139,82,96,133,90,99,133,115,121,129,133,120,149,134,105,135,124,113,132,127,117,132,133,116,143,105,113,138,100,107,136,101,108,137,112,118,138,109,114,136,111,116,138,115,115,136,108,113,139,113,117,134,98,107,133,92,107,141,116,112,137,127,117,139,115,113,132,98,112,137,127,115,137,114,118,136,117,117,152,134,108,147,126,112,139,122,118,138,121,111,141,122,117,134,87,104,135,83,96,129,82,98,130,95,113,132,91,106,132,110,116,133,107,115,132,127,117,139,136,114,130,123,115,136,109,108,139,112,110,139,122,116,149,134,112,143,104,107,139,95,102,135,96,97,132,84,92,136,114,121,127,127,119,130,122,119,130,127,115,134,127,120,132,121,121,132,127,114,142,124,109,135,125,116,135,116,115,132,131,118,133,139,114,144,143,109,163,148,101,139,114,117,146,128,109,146,138,111,139,98,111,138,97,109,138,103,108,134,88,98,142,106,101,144,118,111,133,108,115,134,99,108,129,81,95,133,98,109,131,110,119,139,120,114,135,115,115,137,79,106
146,159,113,167,147,98,154,132,108,148,133,111,143,133,116,134,108,103,134,99,98,135,100,105,126,85,95,137,106,107,139,117,114,134,118,118,142,141,110,145,136,111,133,121,116,135,123,116,143,114,116,135,106,116,138,112,113,134,108,116,136,94,105,138,95,110,136,94,110,139,122,115,137,128,117,149,129,109,153,136,108,149,141,112,145,136,110,143,139,111,147,139,111,155,141,108,150,135,107,148,132,108,159,139,105,153,136,109,139,110,118,143,110,114,128,123,120,134,120,116,134,102,110,134,123,120,136,106,113,138,101,100,154,130,105,133,75,86,127,57,76,135,81,93,134,88,99,132,94,102,130,115,119,137,128,111,145,125,107,138,124,114,136,121,114,136,126,114,139,99,114,135,96,108,129,89,102,140,92,102,133,91,104,137,97,109,136,93,105,130,90,100,136,88,102,131,76,95,131,78,102,133,98,103,136,113,114,141,104,103,137,96,108,134,133,117,132,117,118,136,116,115,143,131,110,143,130,111,138,125,116,144,128,113,141,124,116,138,104,115,137,99,114,135,105,120,131,112,117,135,103,111,140,118,113,139,113,113,139,137,115,145,140,109,138,132,113,145,120,112,137,128,116,140,137,115,151,143,108,144,120,113,143,111,113,137,102,104,138,100,105,132,123,119,141,138,112,146,128,110,144,134,108,138,134,113,143,129,111,153,137,107,162,129,95,147,125,103,145,116,109,141,127,114,138,135,112,144,136,111,163,145,101,140,102,108,138,125,118,142,133,111,135,98,114,137,100,116,135,106,115,137,89,103,140,105,114,140,122,116,142,118,114,138,106,115,134,94,108,134,106,114,132,113,116,138,122,116,134,123,118,138,96,110
139,144,111,155,141,105,151,125,108,147,126,110,145,128,111,145,107,98,140,105,104,131,98,107,125,82,91,136,99,101,134,110,114,137,113,117,147,140,107,147,137,110,140,128,115,141,132,113,136,126,117,133,117,119,135,124,119,134,126,119,134,115,120,131,112,123,135,105,115,141,123,111,146,131,111,143,127,111,137,132,116,135,132,115,136,125,116,144,130,112,136,132,117,137,136,117,139,132,114,138,130,114,138,139,115,142,139,112,133,117,119,132,118,121,129,125,119,131,121,119,135,107,115,135,120,113,142,112,114,141,108,111,150,131,109,135,87,98,138,75,92,140,90,104,138,94,107,131,92,105,132,113,118,132,124,118,134,118,114,137,122,117,135,116,121,131,119,116,139,94,107,137,95,108,145,98,105,141,91,106,140,93,106,140,105,118,140,90,102,131,91,106,133,84,101,130,70,84,132,75,94,133,95,107,132,113,116,142,103,103,133,97,109,140,135,112,136,120,116,137,117,115,140,137,114,139,136,112,140,131,114,138,133,114,136,133,116,146,117,114,135,111,119,133,111,118,136,115,113,134,111,114,135,131,118,140,127,119,157,145,104,165,147,99,142,138,111,143,134,114,142,138,114,147,145,110,146,145,107,141,121,112,140,106,108,130,97,101,140,110,115,134,125,113,145,136,109,140,131,114,152,144,108,147,139,106,153,131,106,169,137,99,173,136,91,160,130,100,147,122,112,137,131,116,143,138,109,150,139,105,173,145,92,133,104,109,138,128,115,140,135,112,139,105,110,138,104,114,140,104,108,133,87,103,133,98,105,133,101,92,146,109,102,140,98,102,131,89,102,134,101,111,138,111,114,131,116,119,133,118,118,133,86,97
159,127,104,135,128,117,138,109,111,137,113,115,140,114,112,137,98,100,143,102,104,137,95,102,129,83,87,133,86,83,131,99,103,130,102,110,136,130,113,132,120,115,133,111,114,135,121,112,136,117,117,134,109,118,141,120,115,136,128,119,134,121,115,134,118,116,134,112,115,145,130,110,152,138,109,142,134,112,137,136,115,136,138,114,135,133,115,144,135,112,142,134,111,142,139,112,148,137,110,138,130,113,138,138,112,138,139,112,138,119,115,136,121,119,137,131,116,129,126,120,132,114,116,135,127,117,141,116,115,149,119,114,149,136,111,133,84,88,130,75,90,126,85,95,135,91,94,140,91,97,137,116,118,134,133,120,135,129,115,150,135,110,138,133,119,137,132,113,138,104,110,137,110,119,136,107,115,136,103,117,137,103,115,135,119,120,135,99,114,139,94,109,142,99,113,138,85,97,143,96,111,137,114,119,134,134,117,137,128,116,137,124,118,153,143,105,135,131,115,138,129,113,144,143,108,151,142,107,148,135,110,143,129,109,136,130,115,134,114,119,135,108,111,135,108,111,136,102,104,131,99,109,132,125,117,135,118,115,151,135,106,159,141,103,138,136,117,138,128,115,132,133,116,143,138,112,138,131,112,138,106,108,130,77,85,127,76,86,136,95,104,139,116,112,134,125,117,131,120,118,131,132,118,140,128,112,143,120,115,140,128,114,146,130,110,138,123,116,134,115,118,132,125,117,140,134,112,140,135,114,151,144,106,136,106,111,142,128,112,136,137,114,135,114,119,133,113,120,133,114,117,138,103,116,134,107,115,129,108,105,138,118,115,145,106,109,133,102,110,133,114,115,131,119,114,137,129,115,133,129,115,135,111,119
137,126,117,140,121,109,134,104,114,136,109,115,139,111,114,135,100,111,137,102,111,137,90,102,130,73,80,132,85,93,133,98,110,136,100,108,133,127,118,137,110,113,130,81,87,141,113,107,137,110,118,134,101,113,141,110,110,137,125,117,132,125,114,139,118,112,141,112,111,141,134,113,154,140,108,141,128,109,143,129,115,138,133,116,131,130,120,131,131,118,134,131,116,143,129,114,140,128,116,132,123,119,134,133,116,142,134,112,138,116,117,139,111,113,132,128,117,135,129,119,142,120,112,144,137,113,136,129,117,150,133,112,177,144,92,138,115,113,139,116,118,135,126,120,134,124,116,135,125,119,149,137,110,178,146,98,181,147,96,185,149,91,176,150,99,167,141,91,136,126,116,136,134,115,149,130,108,140,125,116,130,123,121,145,138,110,142,122,117,141,112,117,136,110,115,137,98,108,136,101,115,129,112,120,126,130,118,133,128,117,139,124,116,151,140,107,131,131,116,131,126,116,142,139,111,149,141,107,138,133,114,139,128,115,134,125,115,133,116,119,131,114,118,131,116,117,133,114,117,129,113,118,129,133,117,140,121,111,153,139,105,165,144,100,148,139,105,140,131,112,140,137,113,144,141,113,133,134,115,138,111,116,136,97,114,131,93,106,140,108,115,141,131,116,135,145,116,134,135,115,151,144,107,141,139,112,142,132,114,137,135,115,142,135,112,145,134,111,139,126,114,142,138,111,149,142,105,146,145,110,165,151,97,140,122,114,158,138,103,160,147,99,156,135,107,149,130,106,142,132,112,139,123,116,139,123,116,134,123,115,137,122,114,133,108,115,137,106,111,142,116,109,140,121,109,136,127,115,137,134,117,130,112,114
125,118,124,133,107,104,131,90,101,136,101,112,138,103,113,130,95,104,138,104,110,133,91,103,131,78,88,133,90,101,135,105,117,132,101,114,132,119,116,138,100,111,132,79,97,133,116,116,134,108,117,135,101,113,134,113,116,135,130,117,145,129,108,145,123,110,143,120,112,154,139,107,168,144,91,157,132,98,144,136,113,139,140,113,132,138,116,143,142,113,144,143,109,144,142,110,138,139,115,131,133,117,133,140,114,140,142,111,137,122,114,129,124,123,129,137,114,136,137,113,149,131,111,156,138,101,145,130,109,152,137,110,170,143,96,131,118,114,134,121,119,136,133,115,146,133,110,144,132,112,161,142,101,178,152,94,183,151,89,194,146,75,180,150,93,163,144,101,136,123,116,130,134,117,137,131,115,134,126,119,134,122,120,147,141,110,142,117,111,139,109,116,139,102,107,131,93,102,135,102,113,136,108,116,141,126,110,137,125,116,143,123,115,147,137,110,135,124,114,139,121,114,135,134,116,139,134,112,139,125,116,135,118,117,136,118,114,132,112,120,136,110,116,137,112,116,141,115,113,133,120,117,141,135,109,142,129,115,158,143,104,164,150,99,150,142,103,150,143,108,149,148,108,147,143,105,134,136,115,131,117,119,134,109,118,130,104,116,144,114,110,149,134,107,152,141,104,145,134,109,161,147,103,152,141,108,139,134,115,141,139,115,136,140,112,139,133,111,139,127,117,132,136,118,145,141,110,149,143,109,163,150,101,144,121,117,144,136,111,152,149,102,146,136,107,151,138,108,150,139,106,143,134,114,138,136,116,142,134,112,138,129,112,132,117,117,130,117,119,143,125,109,147,127,110,136,128,112,143,136,111,134,123,121
153,135,107,147,125,110,140,119,112,140,124,115,139,126,115,144,122,107,148,124,109,142,122,113,141,114,111,137,114,112,131,120,117,130,120,121,143,134,113,139,108,111,134,104,119,140,129,113,136,119,119,135,99,110,140,112,115,138,131,116,138,126,112,143,122,114,136,115,118,145,135,114,154,138,103,147,128,111,136,123,116,130,129,119,126,128,121,131,129,118,131,126,116,130,127,120,135,122,117,132,113,120,129,126,119,131,126,117,139,106,111,136,105,114,126,129,121,131,126,115,136,113,113,137,130,112,139,127,115,138,134,117,144,135,111,136,97,95,142,101,102,145,120,108,148,115,109,137,111,112,130,124,116,146,142,108,149,140,110,180,145,89,166,145,98,150,138,107,137,120,117,135,132,115,141,129,112,134,122,116,135,118,117,151,140,107,133,120,119,135,103,112,134,94,106,129,90,101,135,108,115,134,113,119,141,132,111,148,131,109,146,134,113,149,146,107,139,134,109,139,133,113,138,140,112,151,145,107,140,131,114,136,120,117,138,116,114,131,113,120,138,102,111,135,99,110,136,101,113,133,113,122,136,129,113,134,116,114,142,136,113,158,144,100,155,138,99,143,137,110,147,142,109,147,139,109,136,125,116,136,115,118,137,108,117,134,99,108,138,106,108,155,132,106,138,130,113,135,123,119,147,138,110,134,132,119,134,123,118,129,119,118,133,124,113,138,115,111,134,118,120,127,131,120,136,132,113,139,135,114,161,139,100,137,105,114,141,121,111,142,135,111,143,117,102,139,118,108,135,125,116,136,117,113,137,124,117,132,121,118,134,112,116,132,104,112,135,110,114,150,123,106,147,130,113,137,128,114,139,135,111,130,131,119
144,151,110,138,137,116,135,126,117,136,127,116,132,121,116,132,122,114,136,126,116,132,127,116,136,115,114,139,116,111,139,128,114,129,125,118,148,137,108,135,113,115,136,117,118,147,143,111,146,130,110,134,108,117,132,114,117,139,128,114,134,126,116,139,120,116,133,115,119,138,128,113,149,139,108,144,131,112,138,129,118,135,132,116,132,134,118,132,132,116,132,133,116,135,127,113,132,127,118,131,124,120,131,132,116,136,134,113,136,117,116,134,113,117,132,131,115,140,128,114,139,115,113,147,129,108,136,130,117,135,135,114,130,130,117,140,103,111,137,101,110,137,116,115,139,110,116,137,102,112,135,119,121,134,135,117,134,136,120,161,143,102,160,141,102,145,132,110,138,120,121,143,134,113,137,127,115,136,118,111,138,116,118,152,141,107,139,123,114,138,109,112,137,106,118,128,104,112,142,122,114,136,120,113,150,137,105,158,131,99,160,129,101,147,140,108,137,126,112,139,126,115,127,130,118,133,136,116,136,123,117,134,114,118,130,115,117,136,120,117,135,107,114,132,105,113,135,108,117,131,119,120,138,134,113,136,114,113,137,134,115,149,138,105,150,134,107,152,135,106,146,143,110,160,133,97,142,123,115,146,118,114,141,106,112,129,94,106,134,108,113,145,133,111,135,127,114,134,118,119,135,134,116,132,130,117,129,117,119,137,114,112,137,118,113,133,118,116,135,120,118,142,135,113,142,133,113,137,134,111,157,139,101,138,111,115,143,125,115,150,138,108,145,122,109,145,118,108,140,127,114,135,118,115,137,126,116,133,125,117,130,120,118,137,117,115,131,120,118,154,133,106,167,139,100,160,134,103,162,137,97,143,129,113
168,171,98,183,153,87,171,147,96,171,148,98,148,142,110,144,143,110,143,144,108,149,145,105,142,135,112,142,134,112,148,143,109,139,140,112,158,147,101,131,124,120,131,124,118,162,146,100,152,135,105,134,111,116,131,120,118,139,130,113,137,134,115,132,130,120,133,125,118,146,135,110,151,142,106,144,135,113,136,133,117,136,136,116,136,143,117,140,138,110,134,136,114,137,134,113,136,130,114,135,129,116,140,139,113,146,139,107,139,131,117,139,125,116,143,146,111,137,140,115,135,132,118,155,139,101,151,136,109,158,145,103,148,142,111,134,123,120,134,121,119,143,132,112,133,124,115,128,122,121,133,134,117,156,146,101,153,138,107,176,145,93,168,146,99,157,139,105,138,125,117,138,137,113,138,125,111,135,121,116,136,115,118,161,144,105,145,122,112,138,101,103,133,96,108,129,99,108,137,113,112,137,104,107,141,126,114,142,125,112,146,128,116,139,137,112,134,122,117,133,120,117,134,125,117,133,132,114,137,113,113,136,96,105,131,96,104,137,108,113,138,100,112,134,107,115,129,108,119,132,123,118,146,135,110,136,122,118,135,135,112,149,143,106,141,138,113,147,139,111,151,142,107,157,138,106,137,125,117,140,122,117,134,113,121,131,101,111,133,115,115,149,141,107,139,138,113,134,129,118,149,140,106,142,135,112,130,124,120,136,116,116,130,122,119,132,120,115,148,128,111,166,141,99,154,133,100,146,133,107,157,136,101,132,113,119,126,121,122,135,137,114,140,116,114,140,113,111,132,124,117,133,117,118,133,123,118,133,123,116,131,114,118,130,113,119,132,119,116,141,130,112,143,137,111,138,135,113,156,141,104,137,137,119
148,144,107,155,143,106,137,133,114,135,132,111,131,125,117,128,125,118,131,128,115,142,134,109,133,130,118,138,125,114,138,137,115,134,133,115,147,145,108,132,122,115,145,130,114,172,147,95,164,142,98,141,121,114,138,129,115,148,142,109,145,144,106,144,142,109,154,140,107,167,144,95,189,152,81,170,150,99,165,148,101,164,146,99,166,149,98,159,147,101,156,143,102,145,137,107,146,144,111,145,135,110,147,140,108,154,141,104,137,130,117,134,125,120,147,144,106,137,136,114,135,121,116,144,129,111,133,124,118,136,137,114,138,135,113,140,118,118,131,119,119,143,134,112,138,128,115,131,121,117,133,131,114,161,146,99,138,139,115,160,145,101,166,149,100,152,137,106,136,125,119,152,139,109,136,128,117,132,122,117,131,118,120,149,144,108,141,122,115,138,99,106,129,88,102,134,94,103,147,110,108,133,95,103,143,118,111,146,124,109,144,126,112,140,137,113,131,120,116,138,124,114,137,125,116,138,133,111,140,112,114,132,94,101,130,84,93,137,95,101,135,91,102,141,104,111,133,105,114,132,119,117,139,130,116,134,105,106,136,123,115,138,137,115,132,132,119,138,130,115,153,140,105,153,133,106,142,125,115,138,115,112,138,112,113,131,93,110,137,107,112,146,134,109,134,127,115,132,114,119,138,133,115,132,125,117,127,111,117,133,99,109,132,102,109,130,101,108,136,113,120,132,130,119,134,117,111,142,113,108,142,120,110,134,93,103,134,101,112,133,121,116,131,100,106,133,105,112,131,123,117,135,118,118,137,123,116,136,123,115,136,113,114,135,106,107,139,114,113,147,130,112,147,138,109,143,129,110,143,142,111,131,129,109
140,126,118,137,128,116,136,113,115,137,125,117,131,113,118,136,116,115,133,118,118,136,127,114,140,121,112,139,119,116,139,128,113,131,127,119,140,134,110,130,112,120,140,125,117,166,144,98,152,138,106,137,120,119,138,118,113,145,130,111,154,135,105,139,134,116,131,132,119,147,140,112,162,143,100,154,141,106,149,139,110,142,139,113,146,143,110,156,140,100,150,135,105,147,134,111,146,134,110,156,128,107,147,135,111,145,139,109,131,121,118,133,115,117,147,139,107,133,129,115,134,118,119,136,126,118,133,120,118,133,132,115,135,133,115,138,115,118,138,115,117,135,128,118,127,121,117,131,112,118,132,121,116,144,133,108,133,125,119,140,129,107,147,135,107,138,126,117,136,118,118,145,135,112,141,123,114,138,118,114,133,112,120,139,140,111,142,119,116,140,101,108,130,94,108,138,104,117,139,106,116,138,93,107,138,119,119,146,132,114,147,132,113,153,140,104,144,129,109,161,138,101,149,139,112,171,145,95,150,132,113,137,123,116,135,114,118,136,115,116,138,112,116,138,121,115,134,123,118,137,136,114,155,140,104,140,117,103,146,135,111,143,142,111,139,137,116,143,136,113,151,144,107,142,129,108,139,123,113,142,110,107,141,90,85,125,74,87,132,106,114,144,132,111,137,126,113,134,114,118,142,134,114,141,127,110,134,118,113,135,104,112,133,116,118,136,118,114,134,126,117,153,141,104,142,135,112,138,131,114,149,139,111,138,112,110,138,114,117,143,124,110,134,107,111,132,115,116,133,130,114,142,122,112,142,124,113,141,124,113,138,110,114,135,101,104,138,113,115,148,132,111,159,137,103,146,131,110,162,141,97,172,142,94
137,116,121,132,115,116,132,100,111,136,114,113,135,101,108,137,108,113,132,105,114,137,115,116,135,107,111,135,96,107,134,120,119,132,120,121,133,125,119,132,103,115,138,116,115,153,136,106,140,136,114,135,112,119,135,112,114,137,120,112,146,133,109,137,134,115,136,130,113,135,135,116,150,143,108,143,138,111,142,139,112,137,138,114,152,140,107,160,135,97,145,139,110,138,136,114,150,137,109,145,133,116,151,133,105,163,139,101,139,126,117,136,118,116,150,140,104,143,130,112,131,116,118,131,123,118,134,119,119,133,130,116,136,131,114,136,113,116,140,117,114,141,128,111,132,126,115,132,119,119,136,130,117,145,136,109,140,120,114,148,124,103,154,127,103,134,110,113,138,103,110,139,123,113,134,108,115,137,106,113,133,94,109,135,128,116,137,111,119,139,99,107,134,98,108,134,109,120,132,114,120,135,95,109,133,121,122,135,131,116,138,125,115,146,131,108,138,116,110,147,126,105,135,132,119,148,134,108,134,120,116,134,111,116,130,96,113,131,107,118,133,105,116,130,118,118,133,122,118,141,136,115,161,144,103,143,127,111,137,135,115,143,147,110,134,139,115,144,141,113,153,143,105,137,134,114,139,124,115,141,106,113,136,76,83,129,61,76,134,100,111,130,134,120,132,127,116,132,117,119,137,134,113,153,131,106,140,124,115,137,113,112,143,126,109,143,131,114,149,127,107,176,146,97,144,139,110,141,137,115,148,139,107,139,124,113,141,127,117,140,132,112,141,123,116,134,119,117,137,130,114,141,117,109,138,113,109,139,114,106,136,101,107,133,99,106,140,108,111,140,127,118,154,134,110,141,125,117,140,134,113,146,123,101
131,115,125,131,119,119,135,105,115,137,119,119,139,106,114,138,111,117,133,107,116,137,120,117,142,114,109,133,103,114,127,122,119,131,125,118,134,125,115,134,105,113,137,116,116,141,136,112,141,137,114,130,100,103,130,92,95,136,104,102,142,130,109,134,133,115,133,125,115,130,132,117,152,141,107,148,142,108,153,143,104,153,140,105,155,139,106,159,137,100,146,137,108,139,137,115,140,137,113,143,135,118,153,138,106,160,143,100,137,132,115,143,125,112,168,146,95,149,136,106,132,126,119,132,132,116,131,126,118,139,136,111,144,141,110,140,127,117,143,123,110,155,132,104,142,134,112,127,127,120,130,134,116,149,145,106,135,131,117,151,141,110,142,136,112,135,118,118,140,116,115,136,135,113,130,122,120,132,118,116,136,100,109,129,131,118,137,113,117,134,100,107,136,98,106,134,114,117,138,120,114,139,110,119,132,126,118,155,140,106,157,134,107,154,127,99,139,114,109,140,134,111,136,131,113,140,133,111,140,118,109,140,115,114,129,99,108,131,110,115,135,110,117,134,115,115,134,119,119,136,127,114,151,134,105,143,115,111,137,129,119,137,137,115,136,123,113,135,128,118,140,137,115,134,125,116,140,113,113,139,93,101,129,68,82,130,61,82,138,98,112,134,133,118,132,132,118,129,120,118,141,138,113,148,137,109,139,127,113,136,119,114,149,131,109,143,136,110,141,134,112,178,149,92,169,148,99,160,145,103,161,146,100,149,135,107,139,130,112,159,142,101,145,133,110,146,132,109,153,135,106,148,121,104,134,119,115,140,117,107,140,108,112,134,103,110,136,115,114,135,128,114,141,139,113,140,130,115,147,138,109,146,131,107
133,121,123,130,126,117,132,112,118,138,121,116,133,110,115,134,111,113,133,108,116,138,118,117,137,112,113,133,96,106,136,110,110,139,113,110,137,114,110,135,100,113,139,114,118,140,132,111,141,131,113,136,92,100,136,82,90,130,91,97,136,124,114,132,124,117,130,110,118,132,119,118,131,128,118,140,130,113,139,132,113,144,127,111,153,124,108,146,126,110,136,126,117,136,121,117,128,121,120,134,105,117,139,113,110,140,125,110,135,104,106,137,96,102,137,130,115,138,118,115,137,104,113,134,111,113,134,106,116,131,123,118,136,133,115,136,114,116,141,100,93,144,122,106,143,129,113,132,121,118,129,132,116,146,143,110,129,131,120,140,140,112,145,138,109,132,102,104,137,107,112,145,131,112,134,115,115,140,113,110,136,93,108,132,125,118,144,103,113,135,84,97,124,75,95,128,102,115,133,105,115,131,94,108,132,115,117,138,134,115,132,135,119,145,128,111,136,113,113,152,135,105,142,130,109,143,128,108,143,118,106,138,116,112,136,103,112,137,118,116,135,110,111,136,120,113,135,127,118,142,139,113,165,143,100,142,127,116,137,135,118,144,140,110,137,129,115,137,134,113,141,135,110,140,125,114,138,114,114,137,93,100,131,77,93,129,71,89,137,102,113,135,127,116,136,121,115,131,113,121,134,130,118,141,132,115,137,118,118,145,106,106,135,121,116,136,128,114,140,118,115,154,139,109,139,139,113,136,132,114,134,134,116,141,115,111,136,101,106,137,120,112,138,120,115,138,121,116,139,126,111,143,116,107,131,113,118,129,108,111,134,100,107,136,94,105,133,101,105,139,123,116,140,130,111,137,122,117,137,140,116,133,137,115
142,154,108,162,138,97,147,130,111,147,134,111,135,118,114,140,118,113,133,115,117,135,126,119,139,120,112,133,100,108,132,118,118,133,116,115,136,110,106,135,102,112,143,114,113,141,131,111,141,130,114,137,97,110,131,83,95,127,84,94,141,122,115,132,125,118,130,114,121,139,124,117,145,134,113,142,136,113,145,138,113,140,134,112,145,130,110,149,133,109,149,137,109,141,135,115,136,134,115,135,116,114,142,115,108,142,130,111,133,107,107,137,97,100,151,133,107,138,120,114,136,109,110,139,116,109,138,108,112,133,125,119,142,129,110,135,111,114,134,95,96,142,116,110,132,125,117,133,116,115,142,127,108,147,133,108,140,122,114,145,133,108,153,129,106,131,89,93,134,96,106,144,126,114,136,112,115,136,108,115,133,86,105,134,120,119,138,92,110,130,76,95,131,78,90,134,102,110,131,106,113,133,93,101,136,113,113,143,131,112,137,126,114,136,124,119,134,109,114,151,129,106,140,128,114,136,124,116,137,117,113,133,109,111,134,96,108,139,113,114,134,100,109,136,108,112,133,120,116,150,129,108,159,142,104,150,135,111,152,138,106,163,144,102,161,141,107,158,143,104,161,145,101,145,140,112,137,126,113,140,112,113,133,100,112,130,91,103,138,111,117,132,133,118,136,120,113,132,111,117,130,126,119,140,131,112,135,115,116,135,101,107,139,117,115,140,126,114,140,113,111,153,140,109,142,139,111,137,129,113,140,130,112,136,116,118,133,92,102,139,99,103,136,99,107,133,98,107,140,107,108,137,103,101,139,103,114,126,87,91,136,86,99,133,84,100,131,85,98,132,110,118,135,116,116,138,108,111,137,131,118,133,126,119
162,148,97,172,136,91,140,123,112,139,126,113,139,111,110,132,106,115,135,110,114,141,117,113,138,108,113,132,91,105,133,111,116,138,116,113,137,112,109,131,113,119,133,117,120,146,139,111,150,133,107,140,119,118,137,112,116,133,107,109,133,131,113,136,138,113,128,128,121,136,130,113,156,140,103,155,143,107,156,143,103,143,136,109,137,135,113,156,135,104,158,142,104,145,140,112,127,133,115,136,118,119,135,115,118,131,127,115,139,107,110,133,98,112,133,135,116,135,123,117,138,119,115,140,126,111,141,125,116,151,136,108,177,143,92,146,132,114,132,113,113,134,126,116,145,138,109,143,129,112,158,138,104,157,138,101,145,126,110,163,135,94,157,131,102,130,91,90,135,100,102,141,123,111,137,115,115,135,114,119,131,94,106,134,117,117,136,92,103,129,81,96,136,95,111,138,111,117,135,114,115,134,110,115,135,125,112,142,143,110,145,141,110,137,137,114,133,126,117,156,141,103,164,141,100,138,137,118,135,124,115,129,110,112,133,95,106,134,116,121,137,109,117,135,105,113,134,115,113,136,125,117,145,136,109,149,130,111,145,136,113,148,144,109,156,137,106,176,138,91,165,143,101,148,141,111,137,130,115,140,110,109,133,108,117,135,97,109,137,107,116,131,124,117,136,109,115,138,103,110,134,115,116,137,125,116,135,109,114,135,97,107,138,115,117,137,126,114,136,114,116,145,137,109,147,141,111,145,128,110,144,127,112,139,114,115,129,94,103,135,96,99,133,90,99,127,86,91,134,109,111,143,103,95,141,101,104,135,100,104,136,98,114,136,101,113,136,104,112,130,121,120,134,120,115,140,117,113,137,135,114,135,135,117
153,150,104,173,147,89,143,128,112,143,129,110,136,120,114,129,118,120,131,123,119,138,125,115,148,123,113,134,114,121,132,125,119,136,123,115,140,121,113,131,124,118,135,129,119,149,137,106,140,134,113,135,122,120,137,111,116,133,98,104,136,126,117,134,130,117,130,116,121,132,121,119,135,131,115,142,137,115,154,139,105,139,129,113,144,132,113,143,137,114,162,147,101,158,143,106,134,137,115,133,122,118,132,119,119,137,129,114,139,109,113,136,106,123,135,136,115,135,122,118,132,119,120,139,133,115,129,126,123,143,136,112,175,145,94,150,132,110,136,108,110,136,124,114,145,140,110,138,134,113,160,147,101,154,147,104,134,134,114,158,139,99,161,138,102,133,100,104,136,113,112,145,127,106,145,118,107,140,129,115,140,113,114,143,124,111,137,101,108,130,94,104,135,98,104,134,112,118,132,114,117,135,109,117,136,120,115,147,140,109,146,139,108,137,130,112,143,115,111,141,136,114,148,132,104,138,130,116,135,123,118,132,108,112,134,96,112,134,120,121,137,113,113,141,117,117,135,126,116,131,127,116,138,144,115,143,134,112,153,136,109,151,142,105,153,138,109,170,147,97,171,141,95,158,138,109,148,129,111,140,117,114,138,118,116,133,110,119,138,113,115,133,122,115,137,108,115,137,108,115,135,118,119,136,127,116,133,105,107,133,91,102,133,107,111,136,119,114,137,104,110,134,135,115,142,142,109,138,133,115,140,135,114,133,126,118,141,112,113,142,112,115,143,107,113,131,87,97,134,108,112,144,115,114,141,103,110,134,99,106,133,97,110,135,98,111,139,107,112,139,127,117,143,119,113,137,115,115,131,134,119,127,127,121
150,149,109,172,145,95,143,131,115,141,130,112,136,119,114,132,118,119,131,123,119,134,129,117,139,128,115,134,120,119,133,130,117,140,131,111,140,128,114,149,136,107,148,136,110,167,141,95,148,141,107,144,134,113,135,127,116,135,112,110,140,135,112,135,139,115,133,123,117,134,126,118,134,138,116,143,144,109,158,142,101,139,133,114,144,138,114,151,139,107,171,143,92,161,143,101,154,142,105,145,123,112,137,122,116,141,131,112,137,111,116,134,105,117,130,133,113,132,114,119,131,111,118,131,122,117,130,115,116,130,125,117,146,138,107,140,124,113,131,91,100,137,111,115,133,124,117,131,122,119,137,132,112,143,136,111,137,123,115,151,138,107,145,136,109,135,102,110,134,101,111,135,123,116,140,117,114,134,123,118,136,108,112,144,118,109,140,101,107,137,109,113,138,120,119,135,126,117,139,130,112,136,125,117,143,133,110,173,146,90,172,150,95,170,144,94,156,139,105,180,150,91,199,151,79,170,148,95,161,144,97,150,139,108,130,133,120,145,143,108,152,138,105,143,136,111,155,147,104,153,146,105,174,157,94,176,152,94,177,148,89,182,152,89,178,151,92,212,155,64,202,155,71,179,154,91,170,147,94,156,142,104,164,145,101,162,140,102,164,140,101,162,140,100,138,131,116,137,135,117,139,136,114,140,138,112,144,118,108,134,100,113,139,108,108,138,116,113,134,99,104,132,128,117,138,140,113,134,129,118,135,126,117,138,114,114,140,100,105,136,98,107,136,99,114,126,75,90,132,90,103,133,103,113,134,96,110,136,94,105,134,92,103,133,97,112,139,112,116,145,132,113,148,125,110,141,129,115,143,147,110,126,134,114
185,173,99,201,147,66,154,136,105,145,138,110,136,127,115,131,120,118,132,126,118,133,134,118,148,133,112,134,125,119,141,130,109,145,131,108,139,129,113,155,134,105,143,136,113,142,140,110,135,138,112,135,127,116,131,121,118,135,109,115,134,126,114,136,134,113,130,118,119,132,117,115,140,133,113,146,141,108,160,139,102,138,129,114,147,131,109,144,129,112,157,139,100,154,135,104,149,138,110,137,108,108,140,98,101,134,112,111,128,77,81,139,89,95,137,125,113,135,103,114,136,108,117,134,118,114,132,116,115,137,126,116,148,138,108,134,128,117,132,107,116,135,124,118,140,138,113,132,132,116,144,140,108,141,138,110,142,129,113,148,139,109,142,138,112,126,90,95,134,96,104,135,115,115,133,110,117,134,121,118,136,103,113,134,112,117,135,90,101,135,105,117,136,121,122,137,123,117,142,120,113,136,115,117,138,118,115,152,140,109,147,136,106,142,134,113,142,125,114,162,141,105,171,146,97,167,141,96,160,136,101,135,131,114,125,124,121,143,133,113,148,134,111,138,125,111,162,136,104,146,141,113,161,152,102,172,145,95,170,140,99,169,145,100,152,136,107,176,147,93,156,147,104,138,140,111,144,136,112,137,125,114,134,134,117,137,129,117,133,124,113,136,127,115,130,114,120,128,119,119,129,123,118,139,128,113,140,112,113,134,93,109,138,105,113,134,111,112,132,93,98,134,132,119,135,145,113,131,136,116,132,130,117,138,116,114,138,100,107,136,102,110,138,109,117,135,96,110,134,107,118,135,117,117,132,113,120,136,109,115,132,106,116,134,109,117,138,127,116,159,145,104,173,144,100,182,145,93,195,159,80,162,170,97
160,168,110,185,144,78,148,129,111,141,127,114,134,106,113,133,103,112,133,107,115,132,117,118,132,113,119,134,102,109,137,113,113,135,121,118,136,122,114,145,137,112,142,141,114,146,143,106,150,143,105,141,136,114,138,129,113,134,116,113,143,137,112,138,134,113,134,116,115,135,117,109,151,136,109,167,144,103,179,143,93,151,139,111,160,146,112,144,139,111,159,143,105,154,137,105,144,136,110,132,118,121,141,109,116,138,109,107,132,89,101,141,97,108,143,126,116,133,96,109,137,102,112,135,113,111,134,112,113,132,120,117,144,131,109,134,118,115,133,95,104,139,111,108,142,129,115,136,126,117,137,134,116,131,135,116,135,124,118,142,135,111,142,128,111,130,89,97,136,100,109,140,118,114,142,113,113,134,123,119,131,112,123,132,119,118,133,105,120,126,122,122,142,135,112,153,137,110,154,133,109,148,132,112,147,132,113,174,148,98,168,147,96,149,141,108,148,127,107,141,140,111,153,147,102,158,140,100,162,132,97,141,128,110,131,125,118,131,130,116,141,127,111,136,120,114,143,134,111,143,137,112,164,151,100,156,146,101,154,141,109,152,142,105,153,133,108,157,143,101,146,140,110,144,131,111,137,125,115,132,118,119,129,127,118,135,117,118,135,114,113,132,116,115,133,100,112,135,111,113,135,112,113,134,120,118,134,96,106,135,71,86,132,75,90,140,96,105,132,68,74,139,113,112,141,137,110,135,129,113,132,122,118,135,109,119,135,95,108,134,106,115,137,116,118,138,104,112,134,114,119,132,122,118,140,119,114,133,108,113,136,104,116,135,99,113,133,120,120,132,137,115,139,125,112,139,130,114,157,145,104,149,147,109
193,160,93,192,138,67,151,127,108,148,122,108,135,104,107,138,108,111,134,111,118,131,120,121,132,111,119,136,103,110,137,109,116,134,114,116,133,120,119,135,134,116,132,133,117,131,137,116,142,142,109,134,133,116,148,135,110,138,120,113,156,137,102,161,140,101,145,127,112,151,132,109,179,143,90,200,155,81,213,155,61,187,153,89,186,158,88,183,159,89,207,158,72,200,159,83,197,153,81,145,139,111,139,131,116,155,124,102,143,106,106,141,118,118,145,133,110,136,110,115,133,110,117,138,119,114,140,117,114,142,122,115,146,136,110,140,129,114,135,104,109,139,125,114,141,137,113,150,136,109,151,134,103,141,137,112,136,125,117,141,139,109,136,126,114,136,92,104,134,98,111,133,115,120,129,109,120,130,117,119,134,107,112,135,104,108,136,92,107,130,115,121,128,127,123,131,122,119,136,118,118,133,119,121,137,119,120,142,132,113,137,136,114,134,127,116,133,111,118,134,127,116,137,132,115,139,129,112,135,118,114,136,117,114,135,114,119,129,115,116,139,117,112,131,104,107,140,124,112,135,129,115,152,142,107,152,140,107,145,133,110,140,136,110,139,128,112,164,143,97,157,144,106,151,138,108,146,132,110,132,124,119,132,131,115,135,116,114,133,115,116,129,114,119,134,95,108,133,100,106,132,102,109,136,115,115,139,90,101,128,58,78,133,67,84,145,92,102,131,60,75,135,94,102,133,122,116,130,121,119,136,113,113,131,95,104,129,86,97,135,103,106,140,112,109,134,99,108,139,106,111,140,119,116,146,116,114,140,106,108,140,109,113,134,100,114,134,117,114,134,130,113,135,113,114,131,117,120,134,135,119,130,127,116
192,172,89,202,148,75,158,137,108,151,132,112,138,111,113,133,120,117,130,121,117,133,125,115,133,119,116,138,120,117,132,124,118,133,125,117,133,124,116,155,142,104,147,139,109,158,138,101,157,142,101,139,138,113,158,132,100,145,122,115,147,131,104,149,131,108,137,114,120,137,112,117,135,121,113,153,135,102,166,137,91,148,133,112,138,133,115,141,134,110,156,141,102,156,140,99,181,147,91,139,132,114,138,125,115,140,123,112,136,110,118,136,115,117,134,130,113,135,113,116,133,119,122,134,123,115,142,117,110,139,121,117,147,134,108,150,125,113,130,88,104,130,107,116,135,124,115,142,118,110,142,121,108,137,124,118,134,110,116,136,130,116,139,117,118,133,79,97,138,92,109,136,105,116,135,101,113,133,115,118,134,108,117,130,112,116,138,109,116,132,128,117,142,139,113,146,139,111,141,133,111,150,141,110,144,137,112,165,147,102,182,151,90,154,144,105,141,140,113,161,149,99,165,149,102,169,144,93,150,141,108,146,141,109,129,130,113,128,130,116,139,130,115,138,118,114,134,133,117,135,137,118,146,144,111,147,138,110,144,130,115,138,127,114,134,117,114,145,136,108,138,135,111,135,119,111,135,116,112,133,112,121,131,120,118,136,105,113,134,111,121,131,110,119,136,97,111,130,101,111,131,104,114,137,114,115,142,102,115,131,76,97,141,87,107,145,105,115,138,91,107,133,108,118,136,128,116,141,130,114,143,123,113,137,113,112,134,102,112,136,112,113,139,112,109,134,105,113,132,101,111,132,115,118,141,108,112,134,93,99,136,102,104,133,95,102,141,124,116,143,138,111,133,120,118,130,128,120,134,143,112,139,137,111
201,168,67,210,151,59,177,142,94,177,138,95,138,122,116,130,129,117,140,128,112,137,132,116,137,121,115,135,128,117,140,133,114,134,136,118,135,134,114,158,148,106,151,147,107,161,145,99,168,146,96,150,142,108,162,136,97,137,125,116,144,130,106,136,125,117,130,102,110,135,103,110,137,112,111,136,121,106,145,128,107,137,126,120,133,123,118,140,124,113,144,125,109,140,125,114,154,140,106,139,126,115,135,112,114,137,115,115,136,104,111,134,108,115,129,132,118,135,109,117,134,113,117,137,116,111,132,100,100,129,103,111,133,122,115,139,112,114,130,78,94,133,99,113,131,117,119,139,109,111,144,124,109,143,124,114,141,115,115,139,137,114,140,113,110,133,81,97,133,95,107,132,102,109,135,101,110,143,111,112,138,105,112,131,109,117,132,106,116,140,131,117,138,136,115,141,134,112,132,128,119,137,137,116,140,136,115,157,143,103,190,147,82,157,143,104,145,136,110,171,142,91,170,145,95,177,145,94,157,137,105,152,136,109,150,133,110,140,135,113,137,137,116,133,124,115,151,142,104,156,146,105,169,153,97,168,149,98,162,138,98,156,138,104,144,137,113,184,152,87,185,147,84,164,134,95,153,138,106,141,138,115,148,140,108,138,127,116,140,128,113,140,131,116,139,118,115,151,130,111,140,127,113,131,133,118,136,120,116,136,104,117,133,109,120,137,123,117,138,111,117,140,121,117,139,134,113,141,133,110,148,129,109,147,121,111,138,109,114,139,117,114,135,114,112,137,101,105,138,102,112,131,115,119,140,108,114,134,89,101,135,94,99,131,86,100,134,119,119,140,133,113,135,115,117,137,118,115,131,138,117,126,128,119
155,153,102,161,141,94,143,127,111,138,119,117,133,101,112,134,122,118,137,123,117,132,125,119,132,111,112,145,123,109,135,131,117,137,132,114,147,129,107,171,150,96,171,152,98,165,148,95,177,151,88,170,146,97,181,146,90,148,135,107,159,147,102,144,140,110,132,127,118,133,124,118,138,128,115,161,139,100,170,146,91,159,142,103,152,139,110,145,133,108,141,132,113,129,130,118,148,142,108,147,122,111,135,105,112,129,102,107,134,97,100,141,104,104,140,129,115,134,101,110,129,107,116,136,110,112,129,90,95,134,94,99,138,120,113,142,116,113,134,88,97,136,104,112,134,118,116,134,119,121,142,134,113,136,132,118,137,123,117,148,141,108,141,120,114,139,97,111,134,108,117,132,111,115,135,105,113,137,107,114,137,102,110,133,108,120,132,101,117,132,125,122,133,126,115,132,120,116,134,111,117,133,124,120,135,119,118,140,128,115,149,136,109,132,132,116,137,124,117,153,127,100,155,128,99,148,134,110,141,121,109,151,122,105,151,125,107,142,122,108,142,117,107,135,108,111,143,125,110,134,131,118,146,147,109,159,141,105,147,122,108,139,126,113,132,125,118,157,144,105,153,143,104,141,129,110,146,137,110,144,137,113,154,144,106,140,133,114,145,134,110,145,132,110,145,122,114,148,133,112,140,130,114,141,129,110,148,123,113,136,101,112,133,98,109,139,113,110,140,96,97,141,105,104,139,123,113,139,132,115,147,130,109,137,118,116,136,105,112,141,113,111,140,114,110,136,105,114,132,106,117,136,121,116,141,120,117,139,95,107,139,99,106,133,90,102,132,124,120,144,142,110,136,122,116,139,123,116,143,142,111,156,136,99
163,146,97,149,133,102,137,105,108,136,95,99,129,74,79,136,109,112,129,109,121,131,110,116,131,91,102,137,110,111,133,120,121,133,119,117,141,110,107,143,138,111,142,138,111,142,138,114,158,141,101,145,139,112,150,139,109,147,130,111,144,144,111,138,139,111,134,127,118,133,125,121,130,119,118,140,134,113,159,144,101,151,143,107,141,133,112,157,130,103,143,133,114,135,130,113,154,144,104,139,131,116,139,111,112,134,106,108,134,104,109,135,107,114,134,127,117,133,101,108,135,110,117,136,118,121,134,100,108,138,100,110,133,119,117,136,115,117,132,95,106,135,106,114,126,119,122,126,125,121,147,143,110,136,136,116,130,125,121,144,144,110,135,123,116,136,106,119,136,120,118,136,118,116,138,115,118,135,115,115,130,121,121,127,126,122,128,119,119,150,140,107,149,143,108,140,138,111,126,128,118,140,140,111,138,135,114,147,141,108,158,147,102,150,143,105,132,135,118,141,137,111,148,135,107,139,139,112,137,131,116,148,131,108,158,134,99,153,133,106,139,126,113,133,114,112,141,132,113,141,138,115,163,148,100,172,141,95,148,127,108,148,129,105,147,127,111,155,139,103,162,136,94,139,124,114,139,134,117,127,132,119,132,132,117,139,119,115,132,122,119,137,118,113,137,102,106,143,114,109,133,108,101,134,113,109,135,107,114,130,80,96,129,80,90,136,98,101,130,71,72,130,76,78,133,110,112,134,119,116,132,118,114,133,108,108,132,100,111,133,105,112,137,107,109,138,104,113,136,104,114,133,122,120,135,115,113,136,95,112,140,96,108,132,74,95,128,100,111,135,113,110,131,83,96,130,90,101,133,113,110,141,96,99
185,163,98,161,139,100,143,115,115,139,102,110,131,86,96,133,120,118,133,119,117,134,120,116,132,110,117,138,122,114,130,131,120,138,129,115,146,120,111,152,141,108,148,142,111,143,134,111,148,138,110,140,136,115,144,133,113,140,122,116,144,135,115,140,128,112,135,118,117,137,119,117,142,112,110,139,130,110,152,137,103,142,135,107,138,125,114,140,127,115,143,126,112,142,125,109,154,136,103,141,130,114,137,112,116,137,104,108,137,108,112,139,116,116,135,134,115,133,108,112,135,125,118,134,128,118,138,115,116,132,105,116,132,123,118,133,115,117,132,91,101,139,95,101,134,105,112,133,114,120,139,137,115,134,124,117,138,100,108,136,127,114,136,99,107,140,84,102,140,102,109,140,96,98,135,99,101,140,106,109,138,117,117,134,119,115,135,106,109,145,129,110,140,134,114,132,129,118,131,116,119,129,126,118,129,125,120,132,129,117,143,141,111,144,140,109,135,132,117,135,135,114,134,133,114,141,139,112,134,133,116,142,136,114,159,138,101,151,139,106,141,134,111,140,125,112,142,137,114,146,142,109,174,151,95,164,142,99,143,132,111,147,137,109,144,130,110,165,142,102,161,138,101,140,131,117,141,142,114,135,136,112,137,138,114,134,123,117,141,122,112,144,123,113,136,106,108,141,122,114,137,123,112,135,131,115,138,128,119,139,104,115,141,98,107,143,110,112,137,101,107,135,97,104,141,118,111,145,126,111,144,125,108,136,116,114,134,104,113,139,106,109,135,103,105,133,96,100,132,94,100,141,113,110,137,107,110,134,88,106,135,90,105,129,74,92,132,100,105,141,110,111,134,94,104,135,97,106,138,118,112,141,113,121
190,164,82,170,147,96,142,125,114,135,119,119,136,108,117,134,129,118,141,125,112,143,125,111,139,119,118,140,134,116,140,139,112,154,139,105,146,136,114,159,151,102,155,152,102,144,147,108,155,150,104,162,151,101,158,147,102,151,145,108,177,152,92,166,145,98,153,136,104,153,135,106,143,130,113,169,142,94,185,147,81,174,143,89,150,136,109,145,139,111,142,136,114,145,131,109,159,139,99,137,136,114,139,109,109,131,105,114,131,105,113,137,108,111,134,127,116,137,106,114,132,112,116,135,117,113,138,105,115,135,107,120,134,117,118,133,115,121,137,99,116,133,92,108,134,95,105,137,103,112,136,130,118,133,122,118,137,100,115,142,129,114,136,95,108,136,79,92,137,98,108,136,92,96,133,89,87,135,103,106,138,115,112,143,125,113,133,109,112,142,132,112,139,137,113,139,136,114,129,123,119,134,132,115,130,130,118,135,134,116,137,138,111,135,138,114,127,129,120,129,131,117,130,132,117,134,137,114,142,134,113,140,135,112,169,142,98,161,145,102,141,139,107,141,126,109,137,136,113,142,146,110,171,149,93,178,145,93,150,141,110,164,147,101,150,134,104,166,146,99,167,145,97,142,138,112,160,147,99,152,142,107,139,141,113,130,129,119,141,130,112,140,128,114,137,119,117,141,132,113,145,139,110,146,146,111,151,138,107,146,126,115,143,120,114,142,131,114,137,129,121,132,125,121,144,136,111,167,139,98,176,143,94,144,133,111,133,125,117,133,124,115,137,122,113,135,112,115,138,112,116,140,122,115,137,121,117,137,102,113,147,100,105,133,79,90,142,103,101,135,113,114,133,105,110,135,118,119,133,133,115,136,134,114
165,135,93,143,136,110,138,110,112,135,108,115,134,98,107,136,117,117,129,103,105,143,106,107,134,98,110,136,123,118,141,134,112,141,130,112,140,123,114,143,138,108,137,137,112,130,131,119,134,136,117,133,132,114,128,130,118,131,130,119,147,143,107,143,135,111,136,132,116,140,131,115,143,119,109,162,139,98,176,157,95,178,148,89,152,138,106,155,141,106,151,139,109,156,133,105,161,140,100,151,136,104,145,123,112,132,119,120,129,123,119,134,122,118,144,138,109,140,120,114,133,130,118,145,133,107,132,124,119,136,124,116,142,128,113,139,133,116,136,125,120,131,118,121,134,110,116,134,121,120,145,143,108,145,141,110,135,125,116,158,149,103,135,121,119,140,112,120,132,116,119,140,108,112,132,111,116,133,110,115,137,122,115,141,124,113,137,113,118,138,130,113,137,140,112,135,134,114,129,123,120,130,129,117,129,128,119,142,130,111,135,137,117,132,138,117,125,128,120,129,133,117,136,131,113,134,136,114,134,133,117,137,133,111,151,136,106,146,140,111,140,127,110,135,110,109,137,122,114,133,135,116,153,144,106,143,141,109,137,134,115,143,140,109,132,120,110,144,139,111,144,143,109,141,133,113,150,142,105,138,136,112,133,136,113,132,128,116,138,133,114,137,127,115,135,115,121,138,124,117,141,127,113,143,129,110,140,122,112,136,112,117,135,110,118,131,125,120,133,122,119,132,107,115,135,123,116,138,134,115,163,139,98,151,132,109,135,123,116,135,125,113,136,127,116,134,119,116,133,128,120,133,138,118,134,131,111,134,114,119,143,106,116,134,80,102,135,95,106,138,100,108,136,94,104,136,119,120,131,136,115,120,142,121
161,149,100,161,139,98,143,115,109,138,117,114,138,107,109,143,120,112,130,89,83,135,90,88,118,72,77,139,108,105,131,119,119,131,115,114,133,109,112,134,131,115,133,131,116,132,122,119,132,128,119,134,120,113,133,121,117,135,123,119,144,135,109,133,125,117,131,123,118,142,119,108,137,114,115,160,137,100,169,147,96,179,150,88,158,137,104,147,142,110,141,140,111,149,135,110,145,139,111,144,135,108,139,123,116,136,120,118,133,117,117,133,110,113,137,128,113,136,113,116,127,117,117,133,126,116,129,115,117,134,114,116,138,113,112,134,124,118,137,119,117,142,111,115,133,87,98,135,97,105,135,132,116,133,126,117,135,111,120,143,139,112,137,110,115,140,99,110,139,108,115,136,93,103,134,100,110,132,104,116,134,112,113,140,120,113,141,104,107,136,129,116,150,138,107,137,134,115,131,114,115,130,120,116,131,122,116,136,124,114,133,130,116,129,132,117,127,118,119,129,122,119,133,118,118,134,121,116,135,122,116,134,124,115,138,130,111,141,138,114,140,123,112,136,99,103,135,116,117,131,129,117,136,132,116,139,124,109,145,118,111,142,127,110,138,104,103,137,126,113,138,137,112,146,122,113,150,129,105,135,120,110,137,122,109,139,116,114,141,120,111,137,118,116,135,103,114,140,120,116,141,123,110,143,118,107,132,113,115,137,109,117,134,109,117,126,117,116,134,110,115,130,95,109,133,108,114,135,120,114,145,132,111,139,123,114,136,103,109,131,108,114,133,114,118,136,104,106,135,118,117,134,133,117,141,123,110,137,103,109,133,97,110,135,82,100,135,90,104,132,88,102,130,80,95,137,105,116,131,123,117,128,130,118
152,146,112,145,133,108,136,111,116,134,113,119,136,103,109,142,119,112,141,97,102,144,94,97,131,80,89,138,113,116,132,124,118,136,125,116,131,118,116,135,136,117,138,138,113,134,129,118,138,132,116,140,129,117,142,129,112,145,132,113,161,146,102,143,134,111,143,131,112,146,122,110,138,116,112,152,140,112,159,149,103,196,151,78,151,138,106,153,142,103,158,141,104,152,137,108,157,145,107,153,142,103,136,132,115,135,125,115,134,123,116,143,122,116,138,140,114,131,128,121,130,133,116,136,134,112,135,125,115,131,126,119,130,122,117,138,131,112,141,132,118,142,119,115,126,88,96,127,89,97,137,126,115,137,124,116,136,108,116,142,137,112,140,108,110,142,98,108,142,115,116,137,102,107,132,108,116,134,111,116,131,121,119,142,131,114,141,113,114,147,138,109,168,147,94,165,134,93,137,117,112,130,116,110,136,127,117,144,126,112,132,132,116,137,135,113,132,127,117,134,131,116,132,129,117,133,131,115,136,130,116,137,130,115,148,138,109,147,143,108,144,129,112,142,113,113,140,123,113,136,138,116,143,137,112,137,128,114,133,123,119,140,131,112,140,110,113,133,124,115,140,135,112,137,116,117,136,128,113,133,114,113,134,112,111,135,100,104,138,102,96,137,99,95,134,87,93,136,114,116,135,123,114,144,120,106,139,108,110,137,103,107,134,102,108,132,119,117,129,111,120,131,106,117,142,125,113,156,133,109,173,142,101,157,130,105,136,111,111,136,122,118,134,122,118,132,113,116,140,126,115,151,138,108,145,129,112,139,111,112,141,104,106,138,97,111,137,109,119,136,105,117,137,106,119,130,117,122,134,134,117,150,143,106
161,161,104,157,147,101,136,127,117,135,131,116,144,127,114,150,131,108,144,111,115,142,101,109,129,91,103,135,116,119,138,129,115,140,126,114,134,128,116,138,141,111,147,143,108,140,135,114,140,139,113,153,131,105,159,135,103,157,139,107,186,148,83,150,140,109,141,135,113,142,127,117,142,116,111,157,133,106,155,143,105,170,145,95,143,126,111,136,127,115,133,128,117,134,125,118,132,128,115,137,134,113,145,129,113,141,118,111,132,119,117,138,117,117,141,137,113,133,125,117,131,129,118,135,130,116,138,113,110,136,117,116,132,112,114,133,129,117,136,135,118,135,116,117,134,90,103,130,91,104,136,127,117,136,121,115,135,110,121,143,137,111,137,107,113,140,101,116,134,115,119,133,108,117,132,113,117,133,109,113,131,121,117,136,132,117,131,115,121,143,135,107,185,143,84,162,141,103,138,123,117,138,122,113,145,129,111,142,135,116,133,134,117,126,132,116,131,119,115,130,126,118,132,122,118,142,128,116,141,122,115,133,121,118,129,129,117,129,137,115,129,124,118,136,116,118,137,118,114,141,126,109,132,131,119,130,127,116,142,121,113,139,134,114,131,118,117,144,121,109,146,131,108,139,122,117,154,135,105,139,120,116,136,117,118,134,105,112,131,94,102,136,95,96,140,89,95,132,118,122,133,129,116,150,132,108,133,123,116,138,123,116,136,122,117,136,136,114,132,134,118,136,132,116,161,144,105,200,151,80,222,156,68,198,140,70,154,132,101,155,136,106,148,139,111,137,135,115,156,142,105,167,148,98,163,141,101,144,131,114,132,129,119,134,122,119,139,131,117,128,123,122,133,121,120,133,127,120,132,136,115,144,146,100
156,141,108,142,134,112,134,110,116,137,120,116,135,116,117,141,123,112,136,94,105,132,85,96,128,78,84,137,109,115,139,117,110,139,121,114,132,119,118,133,133,115,131,133,117,129,122,119,131,124,115,133,120,114,146,130,113,140,133,117,177,149,92,144,137,111,141,134,113,141,126,116,141,114,110,157,132,105,163,149,102,174,151,94,136,125,113,140,131,116,134,131,113,130,131,118,139,135,113,149,136,106,157,136,106,150,127,112,136,125,115,137,118,114,147,139,108,139,126,116,132,126,118,142,126,111,133,108,115,135,105,111,132,99,113,135,118,115,137,122,115,138,106,114,133,74,93,128,79,91,133,125,119,132,123,119,133,111,118,154,139,106,142,106,107,136,101,114,134,118,118,135,113,116,131,113,118,133,109,115,137,122,115,141,132,114,135,116,119,141,133,109,163,148,97,160,143,102,144,122,114,136,104,108,134,117,116,136,112,113,131,105,113,130,108,117,127,94,111,132,104,114,134,98,110,141,107,111,138,105,111,136,104,112,129,121,122,132,132,117,131,117,117,132,110,117,135,115,113,136,122,115,142,131,116,143,121,112,137,112,115,137,136,117,134,125,116,135,129,116,143,143,110,141,135,110,178,150,92,138,138,114,139,133,115,138,115,117,143,109,116,140,96,106,136,82,101,133,107,116,131,118,117,139,117,114,133,100,108,131,91,105,127,94,105,133,112,115,133,94,105,138,91,109,133,108,114,142,119,109,141,134,113,136,114,109,132,88,94,136,93,101,135,103,112,134,101,113,134,121,121,134,130,115,141,119,113,141,101,111,139,93,108,138,85,100,134,92,108,136,98,113,139,106,119,139,113,117,143,120,112,137,142,109
140,143,115,151,137,108,136,108,114,133,123,119,138,115,111,146,117,104,138,87,91,136,84,88,137,83,94,136,107,116,137,112,113,137,115,115,138,116,116,144,128,113,130,125,117,134,113,113,134,107,109,130,105,105,138,121,114,141,124,114,166,141,92,135,128,116,134,126,116,136,113,118,134,106,113,135,124,115,171,144,93,168,145,99,139,117,114,139,116,115,136,122,117,133,123,119,133,130,118,141,133,111,147,133,111,131,127,121,137,122,114,136,107,114,137,128,114,138,118,117,135,116,117,135,120,114,134,103,107,130,99,104,134,94,99,139,113,106,135,120,116,136,109,119,140,89,108,136,88,99,133,126,120,133,127,117,135,110,112,151,139,111,137,102,104,134,90,103,133,116,116,136,113,116,134,109,116,134,104,116,132,115,116,138,120,110,137,103,112,139,123,116,154,143,105,156,142,103,142,118,114,138,104,116,133,122,118,135,115,115,132,106,115,129,106,118,128,96,111,135,104,114,131,92,100,137,101,105,135,102,109,135,111,120,131,124,120,138,130,115,135,117,115,134,110,117,134,111,116,133,118,118,136,118,115,136,93,104,131,74,90,132,109,118,138,106,114,139,111,116,136,129,116,133,124,118,152,137,104,132,123,112,137,117,116,132,97,113,138,87,106,136,74,98,123,46,69,130,81,96,137,108,117,138,112,117,127,87,99,128,85,92,125,88,90,134,104,98,130,86,95,135,86,102,140,105,110,137,110,112,138,129,118,136,104,104,131,72,78,124,81,88,138,98,106,133,98,111,135,117,116,135,126,116,137,119,117,133,94,106,130,88,101,133,74,91,124,81,94,130,91,109,132,102,115,133,107,114,131,112,118,134,133,115
136,136,116,136,130,114,138,102,113,133,116,118,137,112,115,144,113,111,137,84,94,139,90,98,137,96,112,134,116,117,142,121,114,136,130,118,145,130,111,166,134,101,160,135,103,142,125,114,136,125,117,129,120,119,134,128,118,137,131,116,176,145,93,140,133,115,145,134,114,134,118,118,135,108,110,147,124,111,168,147,95,160,141,100,131,108,115,135,99,110,132,98,105,135,101,112,131,104,109,137,116,113,136,119,118,134,119,119,138,117,114,147,109,113,142,128,112,134,127,117,132,128,119,144,131,112,141,120,115,145,118,110,137,116,112,151,124,103,137,133,116,130,124,121,141,99,107,137,99,111,127,124,118,129,122,116,141,111,114,147,133,109,139,106,111,132,90,105,134,118,114,130,118,119,133,117,118,130,109,119,126,115,118,137,117,112,136,99,112,137,126,119,154,142,106,157,141,105,138,121,115,134,108,118,131,126,115,134,120,114,135,112,115,132,117,120,132,113,118,137,113,116,133,104,113,133,111,117,128,116,118,126,126,123,137,138,112,156,137,104,154,130,105,141,129,114,139,134,114,145,127,105,144,129,112,135,101,113,131,85,99,131,112,117,130,103,111,137,113,117,141,136,114,143,134,113,163,137,93,152,130,105,133,119,116,133,101,110,137,99,117,139,91,115,131,72,92,138,99,111,137,115,119,143,113,112,137,100,108,136,105,104,141,114,109,145,116,108,134,106,118,136,107,119,133,116,119,139,122,117,140,130,114,140,122,117,138,100,107,137,103,109,141,106,115,133,102,114,134,120,116,138,126,112,141,115,107,130,94,100,134,84,88,135,74,82,129,83,92,137,97,113,136,99,108,139,107,114,132,113,117,118,139,122
123,145,125,133,137,114,131,109,119,131,125,121,140,119,116,134,119,117,134,94,109,142,95,110,139,93,112,140,103,109,142,111,111,142,136,117,161,142,106,189,139,85,185,146,93,155,139,104,143,139,111,138,139,115,140,141,112,147,146,108,186,156,83,160,145,102,163,142,99,147,131,111,144,126,112,148,134,108,187,154,86,170,149,100,130,112,117,135,105,117,130,103,113,134,105,116,136,98,105,133,108,114,132,119,120,130,119,121,137,122,118,139,111,116,147,134,111,166,138,102,150,139,112,166,139,100,144,131,113,135,128,112,140,123,109,159,130,96,147,142,108,141,137,113,141,118,118,135,118,118,139,141,112,140,136,111,135,129,118,165,149,100,134,125,117,134,116,116,147,131,106,142,134,112,139,138,114,130,126,116,128,133,119,135,135,115,130,119,121,132,135,119,154,145,102,153,141,105,143,120,112,131,100,108,146,131,111,142,126,113,136,110,113,134,113,116,138,113,113,138,112,115,131,103,115,137,107,113,130,115,121,131,119,118,138,129,112,139,132,113,144,131,109,139,132,114,142,136,109,152,135,103,163,143,101,137,130,117,136,119,118,128,138,119,126,128,117,133,136,115,163,151,103,177,149,93,210,150,65,176,149,94,149,136,107,144,129,114,133,129,120,135,125,118,145,119,117,147,134,114,150,142,110,163,140,104,157,140,108,165,136,101,170,140,103,158,141,105,139,132,115,133,131,120,129,128,117,139,132,114,146,139,110,140,124,112,139,106,109,133,110,117,132,109,116,138,107,111,138,121,118,141,130,115,136,118,113,144,111,114,142,100,110,135,94,106,134,101,111,137,100,114,134,97,108,139,100,104,147,111,107,143,139,112
134,144,117,135,134,113,138,109,116,141,125,114,141,116,111,137,124,115,133,103,114,139,92,102,134,81,94,135,78,83,125,70,74,138,111,111,145,115,109,142,119,108,148,129,110,147,124,112,134,121,117,136,120,115,137,122,117,129,130,121,151,146,103,129,131,119,137,126,115,139,111,112,143,114,113,139,127,117,167,150,98,165,144,99,145,112,117,131,98,114,130,101,110,136,109,114,144,105,110,135,110,112,131,124,119,131,127,119,138,128,115,138,114,113,148,137,109,168,141,96,161,142,105,171,143,100,147,131,111,145,116,104,137,108,107,143,122,109,148,136,108,137,129,116,134,111,118,134,113,114,137,135,114,136,134,115,138,127,114,162,144,99,150,127,108,140,110,106,142,134,112,145,138,109,149,141,108,137,132,112,142,143,111,145,142,108,129,130,119,139,137,112,153,147,103,145,142,108,138,116,117,126,87,96,139,121,110,134,117,113,131,103,111,137,107,111,134,108,112,136,117,115,133,112,115,133,118,119,139,127,116,140,129,115,140,140,115,136,138,113,137,138,112,135,128,115,135,127,114,137,125,112,140,134,111,138,125,118,135,113,120,134,131,118,132,124,120,136,123,115,152,141,107,152,141,105,185,152,82,175,147,91,158,142,108,150,133,105,159,140,105,156,138,107,146,133,114,163,139,101,165,146,102,162,143,102,163,145,102,178,143,92,181,146,91,188,154,88,172,145,98,167,145,104,169,148,99,179,143,91,178,151,92,153,144,107,140,136,114,136,136,112,151,140,108,148,134,105,183,148,91,201,151,75,179,150,91,155,145,104,151,135,110,147,130,110,152,132,107,133,132,120,136,124,116,143,123,112,143,128,113,154,152,103
144,151,117,143,139,109,139,116,116,149,134,110,150,130,107,145,136,107,144,122,113,147,109,113,145,102,110,137,94,110,132,91,102,132,120,120,134,120,116,135,124,117,136,134,117,137,124,115,136,122,116,135,118,115,134,117,117,133,124,117,153,144,107,133,130,116,132,123,119,136,110,113,141,111,112,138,130,116,165,150,100,180,145,88,141,116,120,132,110,124,134,106,116,135,111,116,141,109,117,139,111,113,133,110,109,138,119,115,135,121,118,135,103,107,136,127,111,162,143,101,169,145,96,179,145,88,170,133,94,153,122,97,145,122,108,144,133,112,163,142,102,147,136,109,137,119,115,134,125,118,139,138,112,133,137,117,136,127,115,153,141,102,144,127,111,140,118,114,145,135,110,158,136,98,162,139,97,140,135,111,153,143,104,160,143,102,139,131,113,143,141,112,161,147,100,147,146,108,135,124,119,131,99,110,134,124,115,135,118,113,137,113,117,137,110,115,132,111,114,136,118,115,137,113,112,134,118,114,131,131,120,131,127,119,144,137,109,140,140,113,136,139,113,144,130,107,142,131,114,138,129,113,141,139,113,139,125,113,138,108,114,133,125,117,133,116,121,136,111,118,136,120,116,138,123,114,158,144,104,156,136,104,142,123,114,136,97,99,141,111,110,136,111,116,131,103,114,138,121,115,140,126,116,136,127,115,146,131,109,160,138,104,177,142,90,198,153,83,177,147,93,171,140,94,163,140,103,161,137,107,164,140,100,140,134,114,133,118,117,141,116,113,140,110,112,131,109,114,137,125,115,157,140,103,147,136,109,137,136,114,134,120,118,139,117,112,145,125,109,138,129,117,136,121,118,134,121,116,129,130,118,132,152,113
141,155,110,138,139,110,135,107,116,137,127,117,146,123,111,144,130,110,137,117,113,144,113,116,139,103,113,142,96,113,133,97,110,133,125,119,130,127,118,129,130,118,134,140,115,130,134,117,136,138,114,142,131,113,134,128,118,129,134,119,159,146,100,137,135,114,134,125,115,137,117,116,134,120,117,141,131,116,164,148,99,178,148,89,129,122,123,132,118,119,134,105,110,137,107,112,135,104,115,133,100,109,132,104,107,135,110,113,135,107,113,131,83,94,136,110,109,151,134,104,164,137,97,174,136,89,147,130,108,138,118,112,145,113,109,142,122,109,161,139,103,157,141,106,136,119,118,140,127,117,147,141,111,131,137,119,139,128,116,155,143,104,142,131,113,134,117,117,141,135,114,149,136,105,148,137,108,137,132,117,140,138,112,150,139,107,147,129,109,153,137,105,174,145,91,166,147,99,142,128,112,134,111,118,144,127,111,137,126,115,134,119,117,132,112,113,136,117,115,137,119,113,147,118,110,137,119,115,130,127,118,131,121,117,137,129,113,138,125,114,133,124,117,143,117,109,135,127,121,142,129,114,146,131,109,141,123,114,134,105,114,136,122,116,140,116,111,138,104,114,134,104,107,136,122,117,167,145,100,160,139,102,139,122,112,135,94,102,136,107,115,130,102,112,126,82,96,136,107,113,134,103,108,132,100,105,136,116,114,137,117,110,150,135,109,158,148,103,143,141,109,143,133,110,137,133,115,137,123,113,139,130,111,137,122,113,133,114,119,136,110,109,134,107,114,134,106,116,132,117,117,139,127,112,139,126,115,156,130,106,139,116,116,137,113,115,148,115,100,139,122,117,137,112,118,132,116,118,132,126,118,141,149,112
148,152,103,143,135,110,133,100,116,138,113,113,139,106,111,139,118,117,132,96,101,138,101,111,133,96,109,133,85,100,127,85,100,137,128,118,134,128,117,133,130,117,140,135,111,127,130,117,141,135,113,145,130,113,136,121,116,136,132,115,154,142,102,135,127,117,136,114,115,131,104,115,133,109,115,136,122,117,147,139,107,161,142,97,134,118,120,130,115,119,137,105,114,142,114,116,139,109,115,140,109,113,138,116,115,135,120,115,138,107,114,137,90,108,133,104,110,143,129,112,147,140,111,140,133,113,141,123,110,135,107,111,135,88,93,135,90,82,146,117,105,143,116,111,130,81,93,133,107,115,135,120,117,138,127,116,136,113,115,148,132,108,134,123,117,136,108,115,137,125,117,139,128,114,145,136,112,141,133,115,157,138,104,148,138,109,137,132,116,151,138,108,160,144,99,154,148,101,143,131,112,139,116,117,137,131,117,138,129,115,138,121,112,142,120,112,140,126,114,139,127,112,135,130,116,148,138,109,163,146,99,151,140,106,163,146,98,156,146,104,147,147,106,157,141,104,160,146,103,156,142,101,169,138,94,141,130,113,130,118,121,129,126,120,138,116,114,134,98,114,129,87,100,138,110,112,149,138,112,139,132,112,143,116,113,134,92,102,137,105,112,131,96,107,132,80,90,139,98,105,126,80,89,133,91,96,134,105,105,134,108,111,141,132,114,159,144,100,142,137,109,144,131,111,133,122,115,136,114,115,135,127,115,137,120,116,134,113,120,140,112,109,137,118,118,130,121,122,129,126,118,139,134,114,148,138,112,165,139,101,142,123,112,135,131,115,157,137,106,147,139,109,137,132,118,142,133,111,143,141,114,153,158,98
150,140,103,138,123,111,135,91,105,132,106,114,134,102,113,135,120,119,132,99,105,139,103,108,133,101,108,135,92,103,135,91,102,137,126,115,135,122,114,133,124,116,134,127,114,130,128,119,137,131,114,150,125,107,131,116,119,130,129,118,141,140,110,132,122,118,136,105,110,134,97,102,138,114,114,134,121,116,131,137,114,152,143,105,134,113,116,134,111,117,131,98,108,130,92,96,128,78,87,135,85,87,137,105,110,144,113,109,137,103,112,133,87,100,134,107,114,135,134,117,152,138,101,147,136,111,142,127,108,140,110,113,135,91,100,131,91,97,139,120,120,139,107,109,124,71,82,135,107,112,134,117,118,141,120,113,146,109,110,142,132,113,135,127,114,137,115,113,142,125,113,152,130,107,154,143,108,151,138,108,166,146,103,148,143,108,143,140,112,160,145,102,181,151,91,181,154,91,151,139,108,135,124,114,138,135,112,138,134,112,134,131,115,138,129,116,139,132,115,137,130,115,140,125,112,144,136,111,159,143,102,138,129,111,151,132,102,143,132,113,130,130,118,135,125,114,136,129,116,139,124,108,143,128,111,141,131,116,136,121,116,134,136,118,138,131,114,131,117,118,133,110,115,152,127,107,168,145,97,160,145,99,149,122,106,129,100,105,139,114,116,132,102,112,133,89,104,133,96,106,129,85,92,136,102,106,134,110,113,133,107,112,143,135,114,161,145,100,145,138,110,144,129,113,133,122,118,133,112,116,139,125,112,139,117,112,134,112,116,142,116,113,136,122,121,130,118,119,130,118,118,132,123,118,131,126,116,145,130,111,137,107,108,140,116,114,142,123,113,138,127,115,133,117,117,131,114,114,131,125,115,141,146,109
155,153,100,154,132,104,140,109,111,143,125,116,134,119,118,134,131,115,131,116,116,132,119,118,135,119,114,137,112,115,138,110,116,152,133,105,156,130,102,139,126,110,141,133,112,129,132,115,142,133,112,135,126,114,136,124,119,139,136,114,156,147,104,130,135,120,134,120,117,132,107,116,128,119,118,131,123,117,138,137,113,155,145,103,137,114,112,139,107,108,134,96,99,136,101,107,129,89,101,132,88,97,138,110,117,137,115,115,136,104,111,130,91,99,138,117,113,150,142,108,177,150,86,157,145,103,158,139,104,144,126,113,139,108,114,136,111,117,141,133,114,144,122,114,131,100,116,133,127,119,132,131,117,143,130,113,135,116,118,134,131,114,137,130,118,139,117,115,135,122,117,138,126,116,141,137,113,140,129,112,137,135,112,134,135,116,137,130,116,135,137,111,152,144,104,165,142,97,159,128,106,139,112,115,137,131,117,139,128,114,140,125,114,139,121,113,141,128,114,138,123,113,137,122,117,136,130,115,157,139,107,133,116,111,140,129,112,137,129,112,146,132,111,143,127,112,144,131,111,148,132,112,143,132,112,138,133,115,135,130,121,140,136,112,148,132,110,140,108,110,135,102,112,131,121,121,141,140,112,145,142,108,141,126,115,133,110,117,128,120,119,132,112,116,136,98,110,135,109,113,137,103,104,142,122,117,139,123,114,136,119,117,143,137,113,168,141,95,153,138,104,139,126,113,137,116,113,133,108,116,134,122,115,137,118,115,135,114,116,137,117,114,133,121,118,134,119,116,137,115,115,133,121,119,135,127,116,144,128,112,133,112,114,132,122,119,142,128,112,145,132,109,136,124,117,139,121,113,139,129,111,149,146,105
145,155,111,133,132,113,138,104,115,139,119,117,135,118,119,135,128,117,133,117,121,131,115,118,136,114,112,138,109,112,142,106,104,159,136,106,151,134,107,141,133,111,136,133,113,137,139,115,135,138,116,151,139,109,139,129,117,161,143,102,171,146,95,150,137,109,136,119,117,136,112,114,132,120,114,136,122,115,132,137,116,161,138,98,141,109,112,138,111,117,135,98,106,135,101,111,132,94,107,133,92,105,137,109,113,137,123,117,135,110,118,124,84,89,138,99,94,151,135,107,180,144,80,157,139,103,148,136,110,139,118,115,136,88,98,132,92,102,141,124,114,139,107,113,136,89,106,135,112,117,135,109,110,137,112,114,135,99,108,131,124,116,136,123,116,139,112,108,135,115,115,135,125,118,138,132,113,138,126,119,135,129,114,136,132,118,134,127,120,136,129,113,147,137,108,152,136,104,139,109,104,135,95,100,135,107,106,138,105,104,133,95,98,132,102,112,138,111,115,139,111,115,135,100,109,135,123,118,135,129,120,133,109,114,133,116,116,132,121,118,133,124,119,137,119,113,139,131,117,141,131,113,152,135,109,149,140,108,150,134,109,154,140,104,143,136,112,137,122,117,137,116,119,143,134,112,144,142,109,153,142,101,138,123,111,130,108,113,139,121,111,140,127,117,131,112,120,134,121,114,144,117,108,152,138,109,156,141,107,153,133,108,180,142,81,198,151,78,165,151,96,141,137,110,136,128,114,135,112,117,128,124,119,132,116,116,133,112,118,132,118,118,131,121,117,136,123,118,139,113,116,130,120,120,132,127,119,137,129,115,131,116,116,136,126,115,141,131,109,158,140,105,137,128,117,137,119,115,131,123,115,134,145,117
143,133,109,136,113,115,134,80,96,139,99,106,136,104,118,137,123,119,137,108,116,136,107,116,137,108,112,139,106,110,141,102,104,152,132,109,144,134,112,136,128,115,138,132,114,143,141,110,149,143,108,156,142,105,147,132,110,175,140,91,187,154,85,155,140,105,141,123,114,135,116,116,132,128,115,138,127,113,141,140,109,170,144,96,142,119,112,135,125,117,145,119,112,137,107,110,137,100,110,135,92,102,132,116,120,130,130,118,135,121,120,137,104,111,140,108,101,156,140,105,196,152,82,170,149,100,168,141,100,138,122,116,135,100,116,136,104,111,144,132,112,153,123,110,140,108,115,137,125,116,137,117,107,152,122,102,140,118,115,146,140,110,144,134,109,149,127,110,137,129,117,142,134,112,168,143,99,167,138,101,176,145,91,160,140,102,155,138,107,158,134,99,169,135,95,157,137,106,133,118,117,130,101,113,136,111,115,139,106,112,141,103,109,135,105,113,136,120,120,139,114,111,133,103,112,135,127,117,134,126,117,132,105,109,132,120,120,127,125,121,136,121,114,133,121,118,132,122,116,135,120,115,133,119,119,133,130,119,132,120,119,142,130,112,130,122,118,135,105,113,133,96,110,134,122,118,137,129,113,152,130,107,141,102,104,130,83,95,137,105,106,141,113,116,133,96,107,138,114,115,139,110,114,138,127,113,135,128,117,141,116,113,147,127,98,156,135,98,151,135,102,136,124,115,133,114,115,132,96,112,128,113,116,131,108,116,130,102,112,134,107,114,130,113,119,137,112,114,135,100,110,135,108,114,134,111,115,135,114,118,131,98,108,135,114,117,137,126,116,148,137,109,141,119,113,139,103,103,138,116,112,136,137,113
164,151,100,136,126,116,136,100,103,145,110,106,135,115,116,138,133,115,138,124,116,140,119,115,142,117,110,149,114,104,144,107,103,148,124,112,137,124,114,139,107,108,138,111,112,137,125,114,130,125,118,138,131,114,140,117,113,152,133,104,179,152,90,162,145,104,146,132,115,136,123,116,145,133,106,142,133,113,150,145,104,181,147,85,139,126,113,137,134,114,136,131,116,136,121,116,142,113,114,132,106,115,136,126,115,149,145,109,139,131,113,135,125,118,148,128,111,187,147,81,224,159,58,198,158,75,192,150,76,160,138,104,131,122,119,135,117,114,156,138,104,140,130,115,137,119,118,142,129,112,135,120,110,146,127,107,138,131,118,152,145,105,158,142,105,142,139,112,132,142,118,143,139,111,152,148,105,152,143,110,157,145,103,148,144,110,144,133,113,144,127,112,143,127,112,140,125,116,135,108,115,141,106,113,135,109,117,134,104,113,133,91,94,133,99,107,134,112,114,141,112,108,136,105,112,133,129,119,141,124,111,139,105,109,137,119,118,132,126,117,140,125,115,135,115,115,131,118,121,131,111,116,130,116,120,126,124,119,131,112,113,144,123,111,139,122,115,137,101,109,130,94,106,139,119,112,138,125,111,144,118,106,129,83,89,124,71,82,137,97,95,136,93,98,128,80,91,136,114,118,135,109,116,142,127,110,137,127,113,138,117,116,137,131,111,148,132,108,149,136,108,135,111,111,136,99,103,134,88,94,137,107,108,136,104,110,133,107,113,139,112,112,135,115,117,137,114,116,133,102,109,135,111,114,134,108,111,136,106,111,132,89,101,136,104,112,133,118,116,136,131,116,134,103,104,134,87,89,136,110,112,139,126,117
159,152,109,135,125,115,134,101,110,137,111,113,136,123,118,141,136,112,146,132,110,148,130,110,165,133,99,170,127,91,150,126,107,149,131,111,141,126,112,137,99,104,135,108,114,139,124,116,131,118,116,137,125,116,140,111,118,143,118,109,166,141,98,162,141,103,148,120,114,144,113,107,156,125,104,147,125,113,135,139,116,154,145,105,130,120,121,133,131,118,134,128,117,132,120,118,135,113,116,133,111,120,131,124,119,144,133,110,140,118,114,138,105,113,140,111,113,154,133,105,179,148,94,161,145,102,165,130,94,140,121,115,135,104,116,138,101,108,143,120,110,138,121,119,137,111,115,139,117,113,136,108,112,137,124,117,130,124,119,135,137,111,130,133,116,132,132,115,136,133,115,131,131,119,142,145,109,144,141,110,160,146,101,152,146,106,146,142,110,139,135,113,138,137,112,135,135,118,134,115,116,135,106,115,140,113,115,141,114,115,132,91,97,134,99,106,136,103,105,140,114,114,133,105,114,133,124,115,132,112,110,134,99,102,128,105,106,142,121,112,140,121,111,132,116,117,130,116,117,137,106,111,136,109,113,133,120,118,132,106,106,141,120,107,136,120,115,133,93,104,129,78,85,137,115,116,132,120,118,142,121,114,131,88,97,128,89,101,138,108,112,141,110,112,137,104,112,138,126,114,137,125,117,151,137,104,148,140,109,142,129,114,162,141,100,151,142,107,159,145,101,139,122,115,133,113,115,138,109,115,136,119,117,132,114,115,136,118,114,130,126,119,129,125,119,135,126,119,136,114,116,131,118,116,137,116,112,138,113,116,131,107,120,139,116,115,135,127,117,146,136,111,138,110,112,141,102,105,130,120,119,130,141,121
166,161,101,139,129,110,135,102,109,136,114,116,139,128,117,138,136,111,141,132,114,145,127,110,154,139,106,163,132,98,148,131,106,143,131,113,134,127,116,136,106,111,132,116,118,134,131,117,138,132,115,140,137,113,138,127,115,143,131,111,159,147,98,167,144,97,138,131,118,142,117,109,142,129,112,135,123,117,135,137,115,137,141,113,132,118,117,130,127,119,132,127,118,133,123,118,135,116,114,134,117,120,132,129,116,153,140,105,145,127,113,141,122,114,155,128,110,175,141,89,207,150,69,190,147,79,189,134,71,147,132,104,137,120,115,132,104,109,150,121,104,135,121,114,143,108,108,137,116,117,134,103,111,142,116,112,140,113,113,137,127,116,131,123,119,130,123,121,139,120,115,138,116,117,133,129,118,135,125,118,146,134,111,134,131,117,129,122,119,134,119,118,129,123,118,133,118,117,139,103,111,135,94,107,137,98,108,140,101,114,131,84,101,128,81,97,129,89,102,134,102,115,135,99,112,133,115,116,136,107,112,136,98,105,128,97,94,139,117,108,139,123,113,134,109,111,138,114,114,134,104,113,134,114,119,139,121,115,137,106,103,148,124,108,136,126,117,134,101,115,127,91,102,143,117,111,134,133,116,147,131,109,140,106,103,141,112,111,133,122,116,132,122,116,132,114,118,135,135,115,138,123,114,166,144,99,161,140,103,143,132,114,160,142,104,147,140,110,159,145,103,139,124,114,137,119,116,141,118,114,137,129,116,139,119,108,147,127,110,137,131,116,127,132,120,130,128,118,135,119,118,140,118,108,140,117,112,136,121,119,126,117,119,133,118,115,142,125,111,145,126,109,132,100,107,129,89,99,133,102,112,132,106,113
163,160,105,143,127,108,136,96,98,134,111,114,139,129,114,149,141,109,149,140,109,144,138,113,162,143,102,176,138,86,153,135,105,142,134,114,136,133,119,135,106,113,128,118,121,129,132,118,133,130,115,144,132,109,140,125,112,144,127,115,151,144,102,157,146,100,139,134,114,144,118,108,141,131,112,137,130,117,156,146,102,160,149,99,151,130,107,145,136,110,137,130,111,142,122,113,141,120,115,132,115,119,134,124,117,139,126,110,137,110,114,138,114,118,141,119,119,144,134,111,160,145,103,151,143,108,157,133,103,142,121,110,140,108,110,136,98,105,138,117,116,139,128,113,132,121,119,145,129,111,138,120,117,139,133,115,138,127,112,141,139,110,142,136,113,143,137,113,137,134,113,130,128,120,130,142,116,138,135,115,152,141,108,141,140,112,130,127,115,132,126,118,132,128,118,134,124,117,132,105,113,134,100,107,140,100,106,137,104,111,133,92,103,139,105,115,131,108,116,132,119,117,129,118,119,138,133,115,136,129,117,137,123,117,144,120,109,145,123,108,146,132,112,139,120,115,137,124,117,130,117,120,131,126,120,137,130,113,136,118,115,143,129,111,142,122,110,136,96,101,130,86,96,131,113,122,132,131,120,135,131,116,139,113,113,136,119,117,140,127,112,138,131,115,132,121,118,143,136,107,139,132,111,175,151,92,164,151,100,150,139,106,168,147,96,151,144,105,171,147,96,135,134,117,136,131,117,137,129,117,141,137,113,136,126,112,139,131,114,136,137,114,133,137,116,137,131,115,138,117,114,137,119,113,134,121,115,130,124,120,128,125,120,137,119,112,143,122,110,134,125,116,135,106,113,137,98,109,134,112,118,131,112,116
145,145,113,142,120,110,133,94,107,135,106,116,134,122,118,141,131,111,142,130,113,140,131,114,146,139,111,159,129,98,145,138,111,139,132,112,140,132,115,137,96,102,137,108,112,131,126,118,133,123,115,131,125,117,131,122,118,136,112,114,137,137,111,148,144,106,135,131,116,139,105,104,136,110,112,133,113,117,139,132,111,149,134,104,137,114,113,137,127,117,134,121,116,137,109,112,141,113,113,138,116,117,132,125,118,138,133,115,138,126,116,150,134,116,162,132,105,187,139,90,197,154,86,179,148,90,162,136,99,145,125,106,135,98,94,131,82,88,136,97,103,136,110,111,132,102,116,132,115,120,132,106,116,135,123,117,133,117,118,137,131,112,140,135,115,139,132,113,142,134,114,141,130,110,154,140,103,140,138,116,152,145,106,145,143,109,133,129,114,138,123,112,136,124,116,132,123,119,132,97,104,136,105,111,133,102,113,136,96,101,132,85,98,136,101,113,133,102,110,129,113,120,132,117,120,128,124,115,129,126,117,133,123,117,138,119,117,136,125,118,136,125,114,136,116,116,136,121,115,135,120,117,131,129,120,142,133,110,136,127,116,146,140,111,133,131,117,135,109,114,137,104,117,128,123,121,134,138,116,144,140,109,140,127,115,135,131,115,138,131,113,142,135,112,137,124,116,160,137,101,151,133,106,185,149,84,162,153,102,146,142,109,164,149,102,157,149,103,174,151,93,131,136,118,139,132,113,136,126,117,137,132,113,135,128,116,135,126,114,130,134,116,133,132,117,140,122,111,137,109,113,139,120,116,137,119,114,136,129,118,130,134,116,146,127,109,144,128,112,132,130,117,139,109,116,143,100,111,137,108,116,138,104,109
142,145,111,139,117,113,128,94,108,133,113,121,143,127,112,147,133,109,136,131,112,139,132,113,136,136,113,135,127,115,139,132,113,136,128,118,134,128,121,135,87,104,132,98,110,132,113,117,135,114,115,133,118,117,137,116,113,137,104,110,132,123,114,143,135,111,128,127,119,136,105,117,134,105,114,127,105,113,141,128,113,139,128,112,136,109,111,142,129,114,139,123,115,141,116,114,135,125,119,140,129,115,152,137,107,163,141,101,161,143,107,178,140,90,190,131,71,211,144,58,228,158,56,210,153,68,177,147,95,155,138,108,149,124,110,139,112,117,139,115,118,136,127,117,131,118,120,133,121,116,133,111,116,133,125,119,137,117,117,134,129,117,132,132,117,130,129,116,139,132,114,138,131,115,152,140,107,138,135,116,142,142,111,142,139,109,134,127,115,131,123,117,131,123,118,133,125,118,135,102,112,132,103,108,137,105,115,142,103,111,130,95,112,136,102,110,135,104,108,129,115,120,131,114,118,134,124,115,136,126,114,130,133,121,133,127,116,139,133,113,142,136,111,130,125,117,143,127,111,136,124,117,137,130,115,138,133,112,136,128,115,145,140,111,139,132,115,138,114,116,134,113,121,132,125,120,144,138,113,155,138,107,137,123,118,137,126,114,139,127,115,138,131,114,135,118,117,142,129,111,141,117,112,159,142,103,158,143,107,143,137,116,152,141,107,142,138,110,157,144,108,142,132,114,144,128,115,142,117,114,140,125,114,138,115,115,142,116,111,141,124,113,136,121,117,137,104,109,136,92,102,136,109,115,134,107,113,134,110,116,133,118,113,138,114,117,130,119,120,129,122,120,136,94,106,136,89,105,134,102,114,132,93,108
147,132,112,137,92,96,121,67,76,136,92,102,142,109,105,137,114,108,135,114,111,132,122,117,134,128,115,137,126,116,136,134,113,133,128,117,135,125,116,132,86,101,131,98,114,136,113,117,133,109,115,131,118,120,140,120,113,139,108,115,145,125,107,161,131,97,143,126,116,134,96,105,125,84,91,133,95,108,131,113,118,131,111,115,132,92,108,134,114,117,135,108,113,136,104,117,130,111,120,133,117,118,137,125,116,147,134,114,142,129,116,144,125,112,137,121,120,148,130,110,164,151,103,154,142,104,139,134,114,129,131,120,133,122,122,134,110,119,129,113,123,136,133,116,129,126,121,136,127,114,131,121,119,140,136,114,137,124,115,139,136,114,141,133,110,137,131,114,136,133,115,138,132,114,154,143,105,137,137,114,151,138,107,147,138,106,129,127,118,131,126,116,130,130,116,139,133,113,139,117,117,137,108,104,138,112,117,142,113,116,133,115,120,132,116,119,132,115,113,129,125,118,128,126,118,132,131,114,134,134,116,131,138,116,144,133,112,144,137,110,142,141,109,129,131,117,132,135,117,135,131,117,138,133,115,140,137,111,135,134,115,162,148,101,152,139,108,143,128,114,137,130,118,139,135,112,161,147,103,171,152,97,160,137,105,154,134,104,143,137,111,153,140,104,133,130,115,145,137,108,142,129,114,184,151,86,179,149,95,166,143,96,184,148,83,175,145,93,191,147,76,161,147,105,159,139,103,151,131,110,138,138,113,136,127,114,142,126,113,131,130,117,134,122,116,139,103,108,133,89,99,132,110,116,131,113,119,131,111,119,130,124,120,132,121,119,133,125,114,133,133,118,137,110,118,139,105,112,130,122,123,126,118,123
128,135,125,138,98,108,131,80,97,131,95,106,129,96,94,133,96,91,135,105,103,133,115,113,132,123,115,132,111,115,138,129,112,139,125,117,140,126,116,129,86,100,136,103,116,128,119,120,129,117,119,136,126,116,142,132,114,137,117,119,141,129,114,144,134,110,134,128,120,145,107,111,137,93,98,132,108,118,137,119,117,138,118,115,135,99,112,130,120,119,131,118,117,132,112,118,137,123,115,134,124,115,146,137,110,148,139,108,149,131,109,153,125,105,138,120,115,133,126,121,155,145,105,140,135,118,139,113,110,131,109,114,134,104,114,136,91,102,131,95,114,131,123,119,136,110,115,135,109,117,134,108,118,145,124,112,133,117,119,130,133,116,135,131,115,132,126,117,129,131,118,140,132,113,159,146,104,137,140,114,149,141,109,157,141,104,131,130,119,128,127,120,135,130,115,138,136,111,138,120,115,141,119,112,133,121,117,140,124,117,137,125,117,146,122,109,137,125,112,132,130,115,134,127,117,146,133,110,142,139,113,146,142,109,138,134,114,149,137,106,149,142,105,131,137,117,136,138,115,135,133,114,141,131,112,133,130,114,135,134,115,160,145,100,142,140,113,140,126,113,135,129,117,137,132,117,152,141,107,157,145,101,142,135,113,156,132,104,153,135,109,149,137,107,136,122,116,131,132,117,135,126,117,173,144,90,152,143,107,147,136,107,145,139,107,133,134,115,146,132,105,133,126,116,134,119,116,137,107,113,136,125,114,138,117,117,134,112,116,129,129,118,132,121,119,134,106,117,134,100,115,129,118,118,132,127,118,135,126,118,135,134,114,137,133,114,142,138,112,143,138,109,132,117,116,130,117,121,127,125,120,134,121,116
142,149,118,138,113,116,137,107,116,131,118,119,145,120,109,137,119,113,135,123,112,141,130,111,147,135,108,136,117,116,137,133,112,139,122,117,142,127,115,130,86,97,132,99,113,131,109,114,136,110,113,132,119,120,141,130,113,138,120,118,152,121,104,167,138,102,149,134,112,142,115,113,141,103,110,137,120,119,136,124,117,136,122,117,138,104,112,144,125,113,143,116,114,136,109,116,137,118,116,143,121,116,148,135,112,164,138,101,152,140,108,157,140,108,147,136,112,139,138,114,169,157,99,158,144,105,143,119,113,138,113,110,139,106,112,140,99,106,134,105,118,132,127,117,132,115,118,132,108,120,135,105,114,137,118,116,136,119,115,136,134,115,136,132,116,132,127,118,132,129,115,139,135,115,151,147,105,134,138,113,138,141,113,155,143,104,145,133,109,132,128,118,129,132,117,144,141,108,134,124,112,138,129,113,139,131,111,146,134,111,155,138,106,146,132,111,149,132,105,138,132,111,135,129,118,145,133,110,148,140,110,149,144,111,137,135,116,148,135,108,155,144,105,136,138,115,135,139,115,135,127,116,137,117,113,138,121,117,135,121,117,151,136,106,139,123,116,139,112,115,130,118,120,136,118,118,149,129,111,142,133,112,133,118,116,138,119,117,134,121,118,129,123,119,130,102,114,131,114,114,136,109,115,138,136,114,135,135,114,133,129,117,131,133,115,129,127,119,135,126,113,136,116,115,134,104,114,133,89,100,139,112,112,141,104,107,137,105,111,130,131,117,138,125,119,137,108,115,134,104,116,132,126,117,140,132,112,131,130,120,144,137,109,150,128,103,165,131,97,157,136,103,144,125,114,141,123,112,130,131,118,132,124,124
157,132,106,147,106,105,140,100,112,138,116,118,137,116,117,138,115,115,136,114,112,137,121,113,137,136,114,133,120,119,151,139,105,142,131,116,151,136,106,135,108,113,130,117,117,136,128,114,143,129,110,153,137,105,160,150,100,153,144,107,179,152,91,225,165,64,211,164,76,181,157,91,163,155,102,168,157,94,174,158,93,164,150,95,149,143,107,177,153,90,159,149,103,141,142,111,164,149,101,161,145,104,173,148,94,179,153,89,164,153,98,161,152,100,141,145,110,147,143,108,189,157,83,180,148,93,145,117,111,146,119,113,135,108,116,132,101,105,134,107,116,141,128,113,139,123,115,134,114,118,135,111,117,138,118,113,146,125,112,148,132,107,135,130,116,133,122,118,135,123,116,136,127,113,147,138,108,138,127,115,139,122,111,142,131,111,139,122,114,132,112,119,128,117,120,136,128,115,138,111,111,138,113,112,135,107,102,139,106,99,148,117,105,147,113,105,146,120,107,141,121,109,137,126,119,143,134,113,146,135,110,154,142,106,140,135,114,139,139,115,156,143,103,146,134,111,142,133,110,133,121,118,135,116,117,130,117,121,134,120,116,153,137,107,136,129,118,141,124,114,141,132,113,144,122,104,165,137,99,156,144,106,139,132,114,137,134,117,138,136,113,146,138,109,132,118,115,139,131,112,133,119,112,151,145,105,148,142,108,147,142,109,146,141,107,134,135,116,135,134,114,135,123,113,135,116,118,134,99,112,137,118,116,138,104,106,134,106,115,131,135,117,131,120,119,133,103,115,138,94,101,147,121,112,135,131,118,128,128,118,141,139,110,141,133,110,142,139,113,139,141,111,140,131,112,141,128,112,134,141,117,142,128,109
138,144,119,134,111,111,137,112,117,145,126,113,134,125,118,139,120,114,133,109,109,139,117,112,144,135,110,132,123,118,156,144,104,141,133,113,171,140,98,139,111,114,136,109,115,138,114,114,134,109,114,133,121,121,129,131,118,138,116,113,145,123,113,175,145,93,159,147,104,147,132,111,136,121,118,148,138,111,142,141,114,139,131,112,142,114,114,142,137,112,129,132,116,131,122,118,133,128,117,132,128,119,133,130,115,139,133,113,137,135,113,138,130,115,133,126,119,130,127,120,157,142,102,144,134,112,141,98,105,141,103,111,136,98,111,136,105,106,139,112,117,141,133,116,137,130,118,133,118,118,135,108,113,138,116,116,139,116,113,141,130,115,137,127,119,141,122,116,139,126,115,142,128,112,153,144,105,131,127,118,138,117,114,146,130,112,135,122,119,137,111,113,135,118,116,135,127,111,141,118,115,149,123,113,142,121,110,146,120,108,142,137,115,137,135,115,149,140,109,154,140,105,149,138,106,164,143,100,176,147,90,174,152,96,150,146,107,161,148,102,173,153,93,156,140,105,161,144,106,142,131,113,136,127,119,129,127,121,137,126,116,155,134,103,137,128,116,139,122,118,138,127,117,138,111,109,146,130,113,141,137,112,133,125,118,134,121,118,138,124,112,146,128,111,133,109,113,143,123,112,136,112,114,142,139,111,135,135,116,144,134,112,140,134,114,138,125,115,132,123,116,135,117,113,136,110,114,132,99,113,134,112,116,139,104,108,144,112,113,151,136,109,134,121,117,132,106,113,135,98,111,137,119,116,137,130,116,138,126,115,147,138,110,142,134,114,141,134,112,142,133,112,135,119,112,130,116,115,137,118,111,149,92,94
145,129,114,132,104,108,134,103,106,140,118,106,143,116,109,134,111,112,133,99,101,137,112,114,142,120,111,137,107,114,140,133,114,135,124,119,155,135,107,137,107,116,137,103,110,139,91,94,129,78,85,135,105,110,130,112,110,132,93,101,132,98,105,133,124,116,136,119,116,138,97,105,132,82,95,135,120,122,137,120,116,139,109,108,136,93,106,128,128,118,129,121,117,134,114,116,130,129,121,132,129,117,138,133,115,135,132,118,133,135,116,130,129,117,134,124,114,139,124,116,149,142,109,139,131,111,139,106,113,141,110,114,140,115,115,163,127,101,145,131,115,163,147,103,174,150,95,150,138,107,142,135,112,152,141,109,171,140,93,194,150,85,197,151,79,189,145,82,182,149,90,183,151,91,189,156,80,159,145,101,134,137,116,157,144,104,150,138,109,149,125,111,139,128,115,144,139,108,139,128,116,134,126,118,137,119,112,135,118,116,130,133,118,132,124,116,133,127,116,138,127,116,136,118,111,132,124,118,142,135,110,144,137,109,138,133,115,140,136,113,153,143,100,139,137,113,159,143,100,136,133,116,139,128,113,133,129,116,136,136,118,148,148,106,144,141,108,143,137,111,159,140,105,143,120,113,141,132,114,141,136,111,133,124,118,133,123,119,136,121,111,143,126,110,133,113,111,142,128,113,139,118,113,154,140,104,145,141,111,151,142,106,156,146,104,137,137,114,144,140,108,149,138,109,138,134,114,135,129,117,132,132,115,132,133,119,154,132,108,185,150,87,159,133,98,143,120,109,138,116,117,143,132,113,145,137,107,148,136,109,155,137,101,157,135,104,149,135,110,152,130,108,141,119,113,131,114,118,135,112,111,136,71,78
143,127,110,136,113,113,135,111,113,141,119,111,139,119,117,136,112,116,132,106,114,135,119,118,135,132,117,135,115,116,149,140,106,132,131,121,151,140,109,140,118,114,139,118,116,136,104,112,131,85,102,138,104,112,140,112,111,136,102,112,131,108,113,137,136,115,132,126,118,138,105,110,135,96,110,135,129,117,144,133,114,145,117,108,136,105,112,147,137,110,139,133,111,126,124,119,131,136,116,138,137,114,146,138,109,142,139,114,144,144,110,135,134,113,134,133,116,130,129,119,142,144,110,137,137,114,134,112,118,135,107,114,133,109,113,145,125,113,139,126,118,135,138,115,154,142,103,142,135,113,138,128,116,140,130,112,158,134,105,146,139,111,144,136,109,140,128,110,135,130,114,145,138,112,162,149,98,140,137,112,132,131,120,143,142,111,143,140,110,147,129,109,152,134,107,171,147,94,155,140,108,156,135,106,154,132,106,140,128,109,145,142,112,136,130,114,130,129,117,131,128,118,134,121,119,135,116,115,137,127,114,136,131,114,128,127,120,133,135,117,145,135,106,138,126,112,150,139,107,131,126,117,132,112,112,131,110,115,133,116,115,137,128,112,137,129,114,131,131,117,136,135,113,137,114,115,132,129,117,130,138,118,132,123,118,138,124,118,131,120,118,140,124,111,135,116,115,133,125,115,138,115,113,144,136,111,136,135,117,146,138,109,139,138,114,130,127,117,136,129,114,137,121,116,139,109,107,139,97,103,135,110,117,135,112,114,136,116,110,175,143,89,161,127,97,138,122,117,134,115,117,143,127,111,145,134,110,151,136,106,168,139,96,157,137,103,155,134,101,157,135,105,146,128,114,135,120,114,137,120,116,141,97,97
169,155,97,160,135,101,152,139,105,162,144,102,153,138,107,137,132,115,131,127,119,133,135,116,145,144,109,138,128,113,167,147,94,134,137,117,158,149,103,142,124,112,144,126,110,141,116,112,135,94,105,138,104,111,135,108,109,137,90,98,133,97,110,133,127,120,130,116,118,136,97,108,139,96,110,132,128,123,135,129,118,137,111,110,135,97,102,146,130,111,140,130,112,134,123,116,139,131,112,137,134,113,140,137,111,130,135,117,146,137,109,137,131,118,133,128,118,132,125,119,135,138,116,137,130,116,134,104,113,135,97,111,132,92,103,133,122,121,133,119,119,132,130,117,141,135,110,145,134,113,139,120,114,154,124,100,176,130,89,165,135,101,146,130,109,143,123,111,138,125,111,136,131,115,141,138,108,131,120,116,135,103,112,134,118,117,136,120,116,134,103,107,134,105,111,137,120,110,138,115,114,141,110,110,139,112,112,136,115,115,138,133,115,139,124,115,131,120,118,131,119,118,134,112,119,135,105,106,140,120,115,130,129,120,129,125,118,135,132,115,149,136,110,136,127,115,148,139,108,133,122,116,136,108,110,133,100,106,131,97,95,135,119,114,142,125,115,139,123,113,133,132,117,135,109,114,132,126,117,136,135,113,130,127,121,139,123,114,132,120,118,138,125,113,138,122,115,149,135,110,141,120,112,159,138,101,151,135,106,165,141,95,151,139,108,137,125,112,136,124,116,134,112,115,131,90,92,131,82,86,130,92,98,134,89,93,141,110,103,164,134,97,147,121,103,138,111,117,135,101,110,137,120,115,138,134,115,151,139,108,159,140,101,164,146,103,182,143,90,176,140,96,151,136,107,148,134,109,142,129,112,141,123,122
149,134,117,145,126,110,137,121,113,135,128,113,131,124,117,130,122,119,131,114,119,138,123,116,139,130,111,135,111,117,152,133,102,130,123,119,141,135,111,138,112,111,146,119,109,136,107,110,131,87,98,140,99,105,146,101,100,130,94,100,138,100,102,154,135,109,141,130,114,141,120,117,140,118,116,160,141,103,165,142,101,159,132,103,148,119,107,159,144,104,153,146,105,136,132,113,146,137,109,149,138,106,148,142,108,148,141,108,166,145,98,153,139,108,157,143,105,149,135,110,167,147,101,138,131,115,136,117,119,135,109,121,134,99,115,134,123,117,132,115,120,136,113,114,137,126,115,139,111,117,130,69,75,136,92,89,150,120,106,143,125,117,140,116,114,142,101,102,139,116,116,133,127,119,134,136,112,137,112,110,134,94,107,133,112,116,136,113,110,136,106,114,130,110,120,133,121,113,134,110,114,136,100,103,141,115,111,139,123,116,138,137,112,134,126,116,135,119,118,136,113,113,139,102,108,140,91,88,140,118,118,131,126,120,130,117,119,135,127,117,135,128,116,139,120,113,155,132,101,138,118,113,139,103,104,135,103,111,132,101,106,132,125,119,137,130,117,140,123,111,143,131,110,138,111,113,134,133,118,150,135,107,145,130,112,141,130,116,134,127,116,134,131,116,135,132,118,142,136,110,141,125,116,153,140,106,142,134,111,161,139,101,144,135,111,139,123,113,138,120,115,138,113,117,133,98,111,130,91,103,134,94,105,133,93,104,137,113,113,149,136,108,141,126,113,132,117,121,131,106,115,139,119,110,141,133,112,148,132,108,151,138,106,150,139,109,159,138,102,157,133,107,141,128,114,131,123,118,129,125,120,134,107,120
138,148,118,155,139,108,146,128,111,139,126,112,126,124,119,126,123,119,136,115,114,140,119,113,144,136,112,137,119,116,164,145,101,134,131,117,143,135,110,138,115,116,146,123,114,141,104,106,138,81,89,142,87,103,133,75,87,127,59,65,128,72,84,134,113,116,134,109,114,137,97,109,137,101,113,135,131,119,135,128,115,144,116,112,139,105,113,139,133,117,152,140,108,138,125,114,139,131,115,138,131,110,142,136,112,139,135,114,148,136,107,135,133,115,148,134,110,140,128,117,152,140,110,132,124,120,135,105,110,136,97,106,131,88,100,141,115,111,137,112,116,133,104,110,132,120,115,145,105,109,126,58,70,134,93,101,135,119,115,133,121,116,138,114,113,138,107,111,138,126,116,142,138,114,153,141,104,139,117,114,133,103,117,132,114,117,135,112,111,131,103,115,133,111,114,134,123,118,131,112,119,129,96,105,131,116,115,135,120,116,138,137,115,130,123,120,129,112,119,133,106,117,136,99,112,132,89,99,134,120,118,128,130,120,132,126,120,142,135,111,132,134,114,144,129,112,175,140,92,145,133,113,147,121,111,140,115,110,134,122,116,136,140,111,142,142,111,147,142,109,158,147,101,141,131,114,148,146,108,172,150,95,165,144,101,159,144,105,144,140,111,142,147,111,144,145,107,168,148,96,167,139,99,187,151,85,164,142,96,177,147,88,153,142,106,155,131,107,149,126,110,141,115,112,141,105,112,136,93,102,132,91,101,135,104,114,134,122,117,144,139,110,141,128,114,132,120,120,131,104,110,135,117,117,129,133,119,138,138,115,149,141,106,159,148,105,168,143,96,168,137,98,153,137,106,157,138,105,148,140,108,140,139,122
165,173,107,188,147,82,177,143,95,168,141,95,143,140,109,131,137,115,131,134,119,134,132,115,157,139,101,152,127,103,194,149,79,152,140,107,156,143,104,139,130,116,142,134,110,140,119,116,141,101,113,139,104,118,138,98,111,137,98,108,143,111,116,133,134,117,145,128,112,145,117,109,141,121,116,148,143,110,154,143,105,145,133,111,138,122,117,142,140,111,159,145,103,146,136,113,145,137,108,149,137,103,147,141,109,147,139,109,149,137,108,150,140,108,154,141,108,153,138,109,171,149,99,139,133,112,142,124,114,144,120,115,136,110,118,139,128,114,137,122,115,134,116,115,148,134,109,145,123,114,136,91,103,137,115,118,129,123,116,133,120,115,131,109,116,135,104,115,141,120,114,145,131,114,152,134,109,143,110,109,133,101,112,133,108,112,136,109,108,131,105,110,134,117,115,137,128,113,134,120,115,133,102,109,142,127,111,149,126,106,151,138,109,135,126,117,132,111,116,133,105,115,133,100,112,135,98,109,141,124,113,139,131,114,136,127,120,140,137,115,132,135,117,133,131,119,158,144,104,144,133,112,143,117,110,138,112,109,145,117,106,154,140,104,155,141,104,141,137,108,150,146,107,133,124,117,138,134,112,152,143,106,136,131,114,144,131,110,136,120,114,133,126,117,132,122,116,137,128,109,136,119,113,146,135,106,137,129,112,166,140,97,154,137,108,149,128,113,146,127,111,137,124,118,132,117,122,137,107,114,134,102,109,136,112,112,138,132,113,161,145,101,134,133,116,136,126,115,133,115,117,127,124,120,137,141,113,144,142,108,150,141,103,160,148,102,165,150,98,150,139,101,144,138,109,143,137,110,132,137,116,127,129,119
159,159,103,183,145,87,155,135,104,150,138,110,142,135,114,132,128,116,134,126,118,136,128,119,149,140,108,147,123,106,184,144,86,152,139,108,157,143,105,142,138,114,163,145,101,133,136,116,133,123,121,127,123,120,132,118,120,132,119,122,135,124,122,139,135,114,143,127,113,141,128,116,142,127,112,143,141,108,152,147,108,151,143,109,142,129,115,146,142,110,158,148,102,147,140,108,145,140,107,154,146,103,174,148,92,164,143,97,157,142,104,169,139,96,164,147,104,155,142,103,167,148,96,134,131,115,134,125,118,135,115,118,136,98,109,136,116,114,135,106,107,135,101,103,150,127,108,143,113,111,132,81,94,133,112,118,136,123,117,129,121,119,130,115,118,135,111,117,144,129,117,146,134,113,144,132,112,134,111,117,134,99,108,138,108,107,133,103,104,133,103,106,132,116,116,131,131,118,134,126,115,135,106,112,132,129,118,138,126,114,136,136,114,136,125,117,134,109,113,132,106,114,137,105,114,137,105,111,142,134,111,152,144,106,149,140,108,178,147,91,150,146,109,150,139,106,179,151,89,149,138,108,140,118,108,130,109,111,137,114,109,152,137,104,146,142,110,138,137,113,136,140,113,129,118,118,130,127,116,145,135,109,131,122,117,137,126,116,140,114,111,136,116,113,137,109,106,135,114,108,135,109,113,139,125,113,138,117,111,141,135,114,142,130,114,137,116,113,139,114,111,132,114,116,129,112,118,129,97,104,132,95,106,138,105,108,138,128,115,149,140,110,133,128,116,135,122,116,134,106,111,131,110,117,130,129,117,137,126,113,139,129,114,143,138,111,155,140,106,143,129,111,139,128,113,141,128,111,139,130,113,148,125,116
168,167,102,203,153,74,176,145,90,169,146,95,167,142,99,153,137,105,157,139,108,161,136,104,175,140,93,155,130,106,176,144,86,142,139,112,148,145,112,138,133,114,146,140,113,137,130,112,136,113,116,133,118,118,130,112,120,130,113,119,133,115,120,132,127,120,137,120,119,139,123,117,145,120,113,143,135,114,144,135,107,138,127,112,138,119,119,136,131,116,157,143,105,144,133,112,142,134,114,146,141,112,160,143,98,151,137,107,138,134,113,144,135,111,153,142,107,154,145,110,167,147,99,135,130,119,133,118,117,132,95,99,131,86,96,134,101,103,133,100,104,133,96,103,135,122,111,141,106,104,133,79,89,137,119,119,131,128,119,130,129,119,134,123,117,143,123,111,173,140,98,180,144,90,172,147,98,136,134,112,137,129,114,148,129,109,144,127,109,139,124,112,138,127,111,146,144,108,162,140,98,133,125,118,158,148,103,156,143,101,159,149,100,142,140,113,141,125,115,136,114,118,133,101,115,132,93,109,133,126,118,131,137,119,130,128,119,147,138,109,131,135,117,136,126,116,149,144,109,134,130,117,136,109,114,135,102,115,135,115,116,149,137,108,156,144,106,148,137,108,158,142,102,135,124,118,130,130,117,135,135,112,131,130,121,134,133,117,135,123,115,143,126,112,135,124,115,134,127,115,131,121,116,135,134,116,137,128,114,143,138,111,144,132,112,142,119,111,141,121,112,143,118,110,141,118,113,141,115,116,138,107,114,140,116,112,154,135,104,171,139,92,147,130,110,141,129,117,133,109,112,132,111,116,134,134,116,136,131,118,130,129,117,139,137,112,141,137,114,135,120,117,134,123,117,142,120,115,132,124,119,135,105,108
158,141,109,162,142,101,150,128,103,139,133,113,148,131,109,135,128,117,137,131,114,135,128,116,151,136,109,137,122,119,146,143,107,131,135,116,132,135,113,135,131,116,138,134,111,145,125,107,141,114,115,135,124,119,133,120,118,135,120,115,132,126,119,130,133,117,138,127,117,145,129,109,159,131,105,145,135,111,158,135,102,141,133,112,134,125,118,134,134,116,143,145,109,142,138,113,148,140,110,155,138,103,169,145,95,138,136,115,127,129,119,133,130,114,148,142,107,160,144,102,174,146,95,150,126,110,150,119,114,140,99,103,138,98,106,137,116,116,137,118,115,138,118,118,141,137,113,138,122,115,134,101,113,128,131,120,136,138,114,134,134,115,138,125,115,140,124,113,158,135,99,168,139,93,172,144,94,146,133,112,136,130,115,138,133,113,137,132,113,141,125,112,146,129,111,154,140,105,157,136,103,137,120,115,143,138,109,153,137,109,153,142,110,144,123,107,138,108,107,131,96,96,129,77,90,128,72,86,137,118,118,136,127,114,139,120,114,146,133,108,135,134,117,133,123,118,148,141,108,132,131,116,143,113,113,135,103,112,137,115,113,149,135,106,156,138,102,142,128,111,139,135,115,136,110,114,137,117,114,138,123,115,133,118,118,135,129,118,130,120,122,135,124,119,137,122,114,132,123,115,133,121,120,125,126,119,130,127,118,141,129,108,149,123,111,138,106,109,134,108,107,137,114,111,136,115,116,138,114,116,135,107,116,136,117,117,164,135,100,166,136,101,136,132,119,134,129,119,133,104,111,139,100,113,136,125,121,144,121,118,144,118,114,147,126,112,145,120,109,136,105,112,141,109,111,140,105,112,135,119,117,142,100,110
134,136,117,154,136,106,141,119,108,134,123,114,135,122,114,133,113,114,134,113,110,134,112,113,140,124,114,136,104,111,138,127,114,133,120,119,131,121,120,135,118,118,134,125,119,137,105,108,134,84,98,135,104,115,132,92,105,130,89,97,136,104,113,131,110,115,132,98,105,137,111,113,138,115,114,134,113,110,144,116,109,138,112,107,141,111,117,130,113,124,129,126,119,134,113,114,143,118,113,133,117,120,131,129,119,129,114,116,132,109,121,132,111,117,134,132,118,144,139,111,142,138,111,136,120,119,138,109,118,133,93,110,139,104,116,129,120,119,132,129,118,136,133,116,149,148,109,137,133,113,133,113,117,134,135,115,134,139,115,132,136,113,139,125,114,143,123,111,152,131,104,151,137,105,162,139,96,151,126,103,153,129,109,147,131,111,147,129,111,144,126,112,154,128,103,173,146,98,177,150,91,148,131,106,186,152,86,193,151,78,190,150,84,156,136,103,142,119,109,145,110,103,131,89,100,135,91,100,137,126,119,136,131,118,134,124,119,149,139,108,140,137,113,139,126,116,145,140,109,139,124,112,137,106,113,135,98,110,138,112,114,143,132,114,140,134,110,138,127,115,147,123,103,129,97,97,135,109,111,131,118,117,136,116,116,137,127,116,132,122,120,139,125,112,146,133,109,139,131,113,139,124,114,135,134,119,132,133,117,139,132,111,138,121,116,138,110,113,138,113,111,141,124,113,139,118,115,139,117,110,137,113,115,133,127,119,156,141,105,164,147,101,156,149,107,159,149,103,153,136,106,138,133,112,189,152,83,189,151,86,202,148,73,220,153,59,212,149,63,182,144,83,190,143,77,180,142,87,177,154,91,147,150,105
139,132,116,139,133,116,142,124,115,139,119,115,138,118,114,138,114,113,134,108,113,135,111,115,139,117,115,134,94,103,139,122,113,136,115,115,137,118,116,133,114,117,134,121,117,139,103,105,130,85,97,138,100,105,127,77,87,126,81,86,138,102,109,134,104,111,128,89,96,137,105,112,140,113,110,140,110,110,141,121,118,139,118,116,136,122,120,130,126,122,136,136,114,135,126,117,133,130,119,131,128,118,149,137,107,138,127,114,129,121,118,142,119,110,151,141,107,171,141,101,155,135,107,143,117,117,140,107,119,135,88,103,131,90,103,132,111,117,132,122,119,134,126,117,148,141,109,136,127,116,135,103,110,143,136,112,133,131,117,134,128,115,139,112,111,135,115,119,136,121,116,142,117,109,137,116,107,131,105,106,136,114,117,135,110,112,136,97,98,136,86,92,133,89,93,139,131,115,148,136,107,139,114,113,168,141,93,189,146,81,162,143,103,144,131,111,142,119,115,147,109,108,132,88,101,136,93,100,133,129,118,135,135,114,138,133,115,165,145,96,165,145,98,141,134,114,154,147,102,138,133,116,131,115,116,130,112,117,135,125,115,159,143,106,191,152,87,162,144,103,179,140,91,150,130,112,137,134,114,134,138,113,133,135,118,138,138,112,133,131,115,139,127,112,147,137,107,152,136,106,143,130,111,147,134,109,143,136,111,146,138,109,137,125,118,136,115,114,145,124,110,152,136,106,142,130,112,147,129,108,134,120,117,142,129,112,143,140,112,146,142,111,147,141,111,147,141,112,140,123,115,140,119,115,154,139,106,152,143,108,152,141,106,180,143,85,182,145,89,154,138,108,157,139,106,150,136,112,148,145,110,136,136,111
126,132,121,130,132,115,135,125,116,133,119,117,131,118,118,136,115,118,135,109,117,135,113,116,139,121,120,134,94,106,133,120,118,135,119,118,136,118,116,132,121,119,133,125,117,135,105,113,137,94,108,137,105,116,127,84,102,131,89,99,132,105,116,134,104,116,134,92,106,134,102,111,140,110,107,132,116,119,133,127,119,139,131,116,146,129,111,134,131,117,143,142,111,140,136,116,146,141,111,147,139,108,167,150,98,140,140,110,134,131,112,142,129,113,183,155,91,204,152,71,163,147,99,139,131,116,137,125,119,141,111,114,139,108,113,136,120,115,136,128,115,136,129,116,149,142,109,147,114,114,133,82,99,149,124,110,137,125,118,135,121,116,138,106,114,131,113,118,134,125,116,139,121,112,139,118,109,139,112,112,134,114,115,133,116,116,137,98,106,138,85,100,128,82,96,133,126,118,136,131,115,138,108,116,154,139,104,168,139,93,143,138,110,143,126,114,133,120,120,141,110,118,130,74,92,126,68,78,134,115,116,131,122,118,133,121,117,143,136,108,146,135,105,140,121,114,156,143,104,134,132,117,131,121,119,137,114,116,138,130,115,165,146,100,207,149,58,174,138,86,178,141,85,142,139,113,140,131,112,140,132,110,140,131,113,141,136,113,134,128,117,130,129,122,143,134,108,154,132,107,143,127,112,141,131,113,147,137,111,147,140,111,135,117,118,131,101,103,135,116,112,148,129,110,134,116,114,131,117,112,133,107,113,130,123,118,137,138,113,147,140,108,142,139,110,142,139,110,139,123,115,142,108,108,157,136,103,160,144,104,161,140,102,160,140,99,164,147,97,144,141,112,151,141,103,141,137,114,150,149,103,136,140,109
141,118,113,135,128,116,134,122,115,131,121,119,135,125,119,140,122,113,135,114,113,134,118,117,135,126,115,135,110,116,136,128,117,141,124,111,138,125,115,142,129,111,139,130,111,140,114,111,140,112,119,137,113,115,139,103,112,139,109,115,136,122,117,135,115,118,137,99,110,130,100,109,133,114,115,130,122,119,142,128,112,167,130,93,173,132,95,149,133,112,144,141,109,138,131,114,146,128,109,140,125,114,149,141,108,132,123,116,135,113,114,137,107,116,157,143,108,177,142,88,144,134,111,133,115,118,134,100,111,138,85,104,134,90,108,135,101,113,134,112,120,130,108,117,137,125,114,137,86,103,126,57,71,138,108,113,132,112,118,127,110,119,136,101,109,142,107,106,149,121,106,143,121,111,142,118,111,135,118,114,142,127,113,154,134,105,141,122,116,138,110,119,133,100,112,129,132,120,141,135,112,137,105,112,154,137,109,163,137,100,148,129,109,138,116,119,141,120,117,137,117,124,137,79,97,126,58,69,137,103,108,135,115,115,136,114,117,134,134,117,138,135,113,138,116,118,142,134,111,133,125,119,133,115,120,137,104,113,138,120,115,154,139,106,191,143,73,156,135,103,155,137,103,138,130,113,138,127,117,132,123,116,130,124,119,146,133,113,148,129,113,138,130,116,146,141,106,147,136,107,136,134,117,134,134,117,140,140,112,156,143,103,135,124,120,133,102,109,137,122,116,142,130,113,131,117,116,135,122,114,136,111,114,138,127,114,145,134,109,140,140,114,149,139,107,142,136,113,134,117,119,138,101,105,149,126,109,144,137,114,139,131,120,133,124,116,132,124,115,132,116,118,138,120,114,138,110,111,143,134,112,131,129,120
127,117,123,134,127,118,133,118,118,135,118,118,136,122,119,141,117,109,137,110,113,136,119,120,136,123,114,133,109,116,129,131,117,133,134,116,142,138,114,163,146,101,170,150,92,166,139,103,147,141,111,159,142,105,148,134,110,161,139,107,162,143,101,170,136,97,147,118,106,147,117,107,140,128,113,129,129,117,138,126,113,154,131,106,160,134,106,144,134,113,147,143,109,138,129,114,135,129,116,129,125,120,136,136,114,137,117,115,136,105,110,138,105,115,151,141,111,168,142,98,144,127,106,138,112,112,136,99,105,133,81,97,137,94,101,137,108,116,135,123,117,139,115,111,142,127,112,138,99,114,134,92,109,140,126,117,131,127,117,128,125,119,135,119,115,147,123,110,154,128,104,142,128,112,131,123,118,129,117,117,131,130,117,148,140,109,138,130,116,135,115,118,136,115,119,143,143,113,148,143,108,138,115,115,145,142,109,165,149,100,149,134,107,138,123,117,135,126,120,141,125,115,133,85,103,128,80,96,136,111,115,133,120,117,137,121,116,144,138,108,149,140,107,137,118,119,142,139,112,131,123,119,132,114,121,134,96,110,136,118,117,143,132,113,172,141,96,144,136,116,148,132,109,139,123,116,133,111,119,133,100,107,127,88,88,132,100,100,134,100,109,131,98,112,135,121,116,130,120,118,132,120,121,134,110,116,137,124,117,142,131,110,136,109,115,129,86,95,141,104,98,139,122,117,134,108,114,144,112,109,139,102,105,144,122,111,133,134,118,131,132,115,132,131,118,139,122,109,135,107,114,138,99,113,134,122,119,140,136,115,136,128,115,133,122,116,130,127,116,133,114,112,138,118,112,141,107,110,136,129,115,132,119,116
144,159,111,170,148,95,171,144,97,150,139,110,144,136,112,156,133,103,135,124,115,130,123,120,135,131,119,133,112,119,138,132,113,141,131,111,137,137,116,163,148,99,177,147,88,157,135,101,149,145,108,160,145,102,144,139,111,142,140,111,159,149,100,152,138,107,135,114,113,134,113,118,137,128,115,138,129,115,134,125,116,148,133,106,151,142,110,137,140,115,154,147,103,138,137,115,138,140,114,136,140,113,149,150,105,135,134,115,136,126,116,145,125,116,174,150,96,195,147,83,169,137,99,145,119,111,139,104,107,132,84,95,134,101,111,133,114,118,137,128,117,141,117,115,134,131,116,136,109,121,137,104,115,141,124,113,137,129,113,132,122,116,133,111,118,140,110,113,132,112,110,128,121,120,130,116,121,131,107,116,130,118,120,129,130,119,130,115,119,135,96,109,137,100,114,133,133,116,138,136,115,138,108,120,145,138,113,139,148,110,142,132,112,137,121,117,141,129,116,149,132,112,133,84,98,125,68,79,135,105,112,136,107,108,138,108,108,138,131,113,144,133,110,141,108,114,139,130,114,132,114,114,136,109,114,137,93,104,140,117,112,138,128,117,158,140,103,143,132,110,143,135,114,136,127,114,132,118,119,138,116,118,138,99,99,143,107,104,142,113,114,134,107,116,134,129,117,134,130,118,135,128,118,134,117,118,133,125,117,145,133,113,134,109,117,129,95,105,139,100,99,132,113,116,131,104,117,134,104,110,133,97,103,140,122,114,139,131,110,139,137,114,138,129,112,135,122,112,136,116,115,136,115,120,141,136,115,171,149,96,155,142,108,144,139,112,146,139,110,139,132,114,152,132,109,145,121,111,160,148,104,153,147,106
143,147,116,156,143,101,154,143,106,142,131,109,133,129,118,138,127,114,135,116,113,131,113,119,133,120,118,131,97,112,138,120,116,139,114,111,132,127,118,146,138,111,150,138,103,148,125,108,162,131,101,154,136,104,135,129,115,133,131,117,142,139,112,142,130,113,136,108,112,133,108,117,135,119,117,136,115,118,139,108,112,145,121,110,135,134,117,137,129,115,150,140,108,130,132,119,135,135,115,132,136,116,153,145,101,140,130,114,144,127,114,144,121,115,178,153,93,203,156,78,190,146,82,153,126,107,132,115,117,131,101,110,138,117,120,130,123,118,140,133,112,133,122,118,131,137,116,131,109,119,136,103,118,135,121,116,137,122,113,133,122,119,143,115,115,136,103,108,135,107,108,137,114,112,132,104,112,131,94,106,134,112,116,134,126,114,133,112,114,131,92,104,135,102,113,138,139,114,139,143,113,133,118,117,147,144,109,169,153,94,149,142,109,139,134,116,144,134,111,151,138,111,138,100,111,128,81,95,135,108,113,135,116,117,136,115,115,135,138,113,144,142,108,132,113,117,144,137,108,140,125,112,138,124,115,139,109,111,135,125,112,132,133,117,149,144,107,153,135,107,149,134,109,134,131,116,134,123,115,136,122,118,142,111,106,137,110,110,138,120,118,130,118,121,143,140,112,137,141,113,145,133,108,137,122,113,137,134,115,149,141,106,134,123,116,142,113,114,144,114,113,140,119,115,136,117,120,135,112,113,134,109,115,139,130,112,148,136,109,141,137,111,141,132,111,138,131,116,136,127,115,132,123,118,153,141,104,189,145,78,173,138,87,171,138,94,169,146,95,154,139,105,163,138,99,147,133,113,176,150,94,185,152,82
137,133,121,143,131,108,145,122,106,141,119,111,141,108,109,141,117,115,140,104,108,130,98,102,136,110,114,128,82,93,135,117,120,136,112,112,143,124,113,143,136,113,146,137,109,140,117,111,146,123,110,146,132,111,130,128,120,130,132,120,132,137,116,138,127,114,135,110,119,130,103,114,128,120,119,134,109,116,134,102,113,130,118,122,132,128,118,130,122,117,132,135,116,131,128,118,130,125,119,125,123,119,136,132,113,136,108,114,139,101,112,130,78,90,135,127,113,154,141,105,158,137,102,145,119,112,137,107,114,132,91,102,135,110,117,137,117,114,147,127,106,137,119,117,132,133,113,132,107,117,137,103,115,138,117,115,130,113,114,130,118,118,137,109,112,134,96,105,132,98,102,139,111,106,133,98,103,131,95,107,137,110,114,141,124,112,133,107,113,133,92,107,131,97,107,140,134,112,149,138,109,136,113,113,137,138,111,154,149,99,140,134,112,139,130,116,138,132,118,150,138,108,138,103,113,132,91,104,129,101,113,136,101,109,140,110,112,140,134,112,152,140,104,138,111,114,136,134,113,128,123,120,138,119,114,137,110,115,138,128,113,134,127,113,144,144,109,142,139,113,151,139,107,155,132,102,143,128,112,141,127,113,147,119,108,139,118,114,131,122,117,131,120,118,143,136,111,145,139,109,150,129,109,144,116,112,133,127,120,140,136,113,130,118,115,139,105,115,140,99,109,138,104,109,140,101,106,133,105,110,135,98,105,137,126,115,138,129,113,145,130,108,142,128,113,132,121,117,130,112,111,142,113,113,138,129,116,160,136,105,142,132,114,148,128,110,150,133,114,134,123,117,141,118,113,139,111,115,148,136,113,141,130,112
127,124,128,133,125,115,143,117,109,138,109,111,128,91,100,133,118,119,136,107,116,136,102,107,139,114,113,136,99,107,135,127,116,135,126,116,139,130,113,139,137,113,148,141,107,137,122,118,132,125,120,140,131,113,134,129,118,134,133,118,135,141,114,140,132,112,134,119,116,132,115,114,138,127,111,143,118,112,135,111,116,137,126,116,137,134,117,137,132,118,144,140,108,146,131,110,134,132,118,138,129,110,146,138,109,133,116,119,138,108,120,129,72,85,141,118,115,134,132,118,135,125,114,140,110,111,141,102,112,131,86,100,137,106,116,136,109,114,151,121,106,142,112,113,141,130,112,135,107,113,135,110,118,137,121,116,151,124,105,142,130,112,152,124,108,133,110,117,135,109,114,140,110,107,133,93,98,132,93,105,132,108,118,132,116,114,132,105,114,135,95,112,133,103,110,142,132,111,146,133,111,140,108,112,137,128,113,142,137,108,133,121,116,134,114,117,131,117,117,140,129,114,137,92,103,134,90,99,133,105,113,130,97,108,134,105,112,140,130,113,149,135,103,144,106,109,153,125,101,144,112,104,139,112,106,136,107,114,136,127,116,132,118,115,140,139,113,132,135,117,139,137,113,147,131,105,141,127,112,137,134,115,137,123,114,137,125,114,142,136,112,140,136,116,166,147,99,160,143,97,142,135,111,139,125,113,133,135,116,147,144,109,142,136,113,139,126,114,135,116,115,138,118,113,139,115,113,135,120,116,138,119,116,149,132,103,156,136,105,169,137,95,154,139,106,134,138,114,152,131,102,153,128,106,163,141,106,180,151,88,169,143,89,159,142,103,194,137,66,150,134,106,138,122,106,140,116,113,145,140,110,131,136,116
119,141,126,147,131,106,150,121,108,141,105,96,126,83,87,135,119,114,135,109,113,136,102,106,137,109,110,133,98,109,130,129,119,140,131,113,147,130,107,144,133,110,153,139,103,145,122,113,142,129,115,145,129,109,143,131,115,148,135,112,149,141,110,146,130,110,142,115,111,137,112,110,145,128,109,138,122,115,134,119,118,131,133,120,136,137,113,135,131,116,152,138,107,140,133,115,141,127,112,143,128,113,143,139,114,135,122,118,138,117,118,139,95,115,138,119,120,136,129,117,136,121,116,137,111,116,141,105,115,136,96,108,135,110,115,135,112,117,140,126,114,142,122,113,145,138,112,140,114,111,143,120,113,138,118,112,149,122,109,137,128,116,137,115,112,131,100,114,135,91,96,133,98,102,127,74,77,128,74,76,133,106,113,135,120,114,131,114,117,133,107,119,140,117,113,147,141,110,159,146,104,152,125,108,171,143,96,183,150,83,154,136,105,137,137,114,138,136,112,155,139,104,137,111,113,139,106,109,135,124,119,131,121,117,134,127,118,154,141,103,173,145,89,137,116,108,160,136,97,163,126,100,151,128,107,144,129,114,147,139,107,138,129,115,142,139,110,140,134,114,144,140,113,141,131,111,135,127,116,135,127,118,136,115,115,136,119,115,136,132,115,133,125,117,156,139,105,155,137,103,141,127,115,137,117,114,133,127,116,143,141,111,141,139,114,147,125,108,136,120,115,140,120,113,137,120,113,136,127,114,132,122,117,139,135,110,146,137,110,159,147,106,147,141,108,148,139,108,142,141,115,137,136,117,148,143,110,179,154,89,175,146,96,152,139,108,180,145,90,143,133,112,140,119,110,136,111,117,138,136,114,139,128,116
147,158,104,173,138,95,158,136,109,147,127,109,140,114,119,139,129,113,130,118,117,137,108,112,134,109,113,133,100,112,138,131,115,137,130,119,143,123,107,140,131,115,166,139,98,142,126,116,144,134,116,139,138,114,143,133,109,139,135,114,147,137,108,143,120,107,134,104,112,128,96,100,143,123,110,141,116,112,135,122,119,131,134,115,141,141,112,139,139,113,158,147,102,164,146,101,155,144,106,168,150,100,191,155,83,164,147,101,150,144,108,138,132,113,163,151,99,171,153,95,173,147,96,150,138,110,136,131,116,137,120,118,131,127,118,128,128,121,138,134,111,139,131,111,150,146,106,138,132,114,166,135,101,151,140,109,163,142,104,164,149,99,156,137,105,132,119,115,141,114,115,141,120,115,135,102,105,132,95,102,139,119,115,143,131,113,139,126,115,135,116,116,141,121,112,146,146,111,158,146,103,149,128,110,169,143,97,188,145,81,151,138,111,146,136,110,149,134,108,159,135,103,133,113,116,137,119,118,132,125,116,133,124,120,138,130,116,160,141,102,169,149,95,146,122,112,155,139,100,145,137,110,148,139,109,164,132,96,179,145,91,175,139,96,194,148,85,171,146,98,164,142,99,154,136,104,136,131,116,130,128,115,137,117,115,142,125,114,149,132,109,153,130,109,162,134,105,155,137,106,140,122,115,146,115,110,137,117,112,142,136,112,143,131,114,140,110,106,131,99,103,139,107,111,135,113,115,136,126,117,136,121,116,146,138,110,137,140,111,161,149,97,145,143,106,141,140,108,155,141,103,141,141,113,159,146,103,204,153,69,184,147,76,165,146,98,208,154,71,165,137,98,152,122,102,133,117,120,141,145,110,132,138,117
143,155,111,162,142,100,154,133,107,141,134,113,134,124,117,145,144,110,134,136,114,136,132,116,144,137,111,136,128,114,159,147,99,162,145,101,159,137,98,147,141,110,165,147,100,142,137,115,153,143,109,157,139,103,158,142,102,144,141,108,149,140,104,145,125,108,135,109,114,129,94,96,146,121,107,141,112,113,137,113,113,145,135,111,136,136,114,149,134,107,162,142,99,161,139,103,145,133,109,151,134,104,151,140,102,134,126,116,137,111,113,133,91,104,138,124,113,136,134,113,142,124,109,141,116,113,136,106,112,135,98,109,137,109,111,132,114,118,139,129,115,148,132,111,160,148,102,148,136,109,166,142,98,157,144,108,157,147,105,169,151,95,164,142,98,147,127,108,140,121,113,139,134,113,141,120,114,131,112,115,133,132,116,152,139,109,154,134,105,144,127,114,148,134,110,162,150,99,159,150,100,145,131,111,173,143,97,180,153,87,141,134,110,142,132,114,141,123,113,141,130,114,131,114,119,138,124,116,137,132,117,139,126,113,145,135,110,166,143,99,173,150,91,135,121,117,149,139,105,149,136,109,151,141,108,150,138,105,175,151,95,169,146,100,196,153,77,181,157,86,198,152,73,181,148,88,157,148,103,167,141,91,151,136,109,161,144,103,191,149,81,174,147,91,197,149,79,192,151,81,159,143,106,152,135,109,146,133,111,156,139,99,156,135,104,140,120,113,133,105,103,137,112,113,140,119,113,139,129,113,139,123,115,141,131,112,134,133,113,144,142,110,137,131,113,139,125,112,136,127,115,143,132,114,149,134,115,166,145,100,156,135,105,141,129,115,149,142,108,134,126,117,137,99,104,134,93,108,134,130,115,135,116,119
137,145,111,143,129,112,146,108,110,139,88,92,134,77,98,136,114,119,139,106,112,133,102,113,145,115,112,135,101,110,140,128,112,136,130,113,141,124,111,134,132,116,146,146,109,136,137,114,143,137,109,153,134,106,148,139,109,148,136,107,137,133,112,131,121,115,139,109,115,130,90,102,141,113,112,132,98,112,133,96,110,127,112,120,132,116,114,134,118,118,133,121,114,137,117,114,137,117,115,143,129,115,140,133,110,137,123,118,134,98,107,132,77,91,136,115,113,140,130,111,135,122,118,139,115,116,138,106,113,135,105,119,135,114,117,129,112,120,136,123,115,147,131,111,154,141,105,143,130,111,165,130,95,134,132,116,139,130,111,137,134,111,138,130,112,135,109,110,134,102,115,139,122,116,138,110,117,135,101,114,130,124,122,143,129,114,144,111,102,135,100,101,136,111,111,133,128,113,136,123,110,136,98,106,141,127,115,153,139,104,134,111,116,140,100,106,132,88,93,131,107,115,132,97,111,135,103,106,144,119,111,139,110,114,135,124,120,139,132,116,137,137,112,134,98,111,137,116,112,137,112,117,136,113,116,138,108,114,138,126,116,133,116,120,142,134,112,134,128,114,150,134,105,148,127,108,136,132,116,152,124,103,137,107,113,139,126,116,142,137,113,139,132,115,143,142,114,144,146,112,145,133,112,141,129,115,139,128,117,162,137,103,152,133,108,149,124,114,140,113,112,137,117,116,142,126,116,147,132,110,143,125,113,148,131,108,140,133,113,152,138,103,136,133,115,134,126,116,135,131,115,135,138,115,147,143,112,192,147,75,186,144,85,170,142,100,195,145,69,161,143,106,146,126,111,133,123,117,160,148,99,142,134,110
130,129,116,139,115,113,143,96,109,129,73,88,128,63,82,135,103,106,130,83,87,128,93,100,137,102,104,130,84,93,136,115,112,136,113,112,133,107,114,133,119,117,135,133,115,141,132,116,143,130,113,141,130,114,150,138,107,143,133,112,141,130,115,141,123,116,137,104,112,134,93,105,138,112,112,137,98,108,134,96,110,137,118,118,134,118,117,137,126,117,136,121,112,131,100,99,133,105,108,132,121,118,129,131,118,139,122,113,133,102,109,141,97,109,141,117,112,139,132,115,132,127,117,140,122,112,133,120,118,128,118,120,135,128,115,130,126,118,141,134,113,162,138,99,160,145,100,152,134,103,161,139,100,139,133,110,137,128,116,135,128,115,131,121,117,133,100,109,134,90,104,135,113,115,133,103,116,132,94,110,130,113,117,137,120,116,139,100,102,135,100,97,149,109,101,148,128,105,134,117,111,135,94,102,144,125,113,147,138,106,135,110,108,134,98,104,131,88,94,138,112,116,136,105,117,141,108,105,140,123,113,140,115,116,132,125,113,143,129,106,144,137,108,132,102,109,144,117,109,138,107,106,137,113,113,134,109,120,131,127,118,135,120,119,147,137,109,133,129,117,133,129,115,135,124,113,136,129,116,138,117,113,137,111,117,133,127,118,142,141,107,139,139,112,147,149,107,153,150,99,151,144,107,166,146,98,163,142,99,178,147,88,170,148,96,159,139,103,149,131,111,145,130,108,153,135,106,156,141,106,144,138,114,153,146,108,144,138,107,152,141,105,137,135,116,131,126,119,132,131,120,131,132,120,136,137,117,174,149,97,161,146,102,158,140,108,199,142,72,151,136,111,138,121,118,130,117,121,151,144,104,134,130,117
156,146,102,150,127,109,146,112,116,137,102,111,136,91,107,139,120,118,134,104,114,134,105,111,144,111,109,128,87,97,139,118,113,139,121,116,135,115,117,143,131,112,156,142,104,161,140,101,151,141,111,153,137,109,163,142,99,147,141,110,136,134,113,146,123,109,137,102,107,133,90,104,132,104,112,128,83,97,128,84,99,133,113,120,127,110,119,132,121,117,133,108,104,131,98,102,139,115,117,135,129,117,138,138,113,138,134,116,133,125,119,133,122,121,137,133,116,156,144,104,144,135,108,147,130,109,145,127,110,141,125,114,139,127,112,136,122,111,139,129,114,157,131,99,156,140,97,144,138,106,154,141,108,138,135,113,139,127,109,131,128,117,134,114,117,129,89,99,134,76,87,138,106,114,137,104,112,129,98,112,135,113,115,136,111,112,134,98,101,146,109,104,142,118,115,158,137,110,144,122,115,135,103,114,137,126,116,152,140,105,137,115,115,136,114,117,135,108,113,130,123,119,131,111,119,139,111,110,140,120,112,133,114,117,145,129,109,151,130,106,140,133,110,135,101,108,133,109,107,137,108,110,131,120,118,132,116,118,131,134,117,129,126,119,137,139,113,129,131,119,134,129,116,141,119,111,134,125,119,130,106,115,137,95,105,139,115,118,148,134,112,140,124,117,150,133,111,151,130,109,135,124,121,140,129,116,140,120,113,141,123,111,134,126,115,140,120,113,139,116,116,132,118,117,126,125,119,137,137,114,145,139,112,174,148,92,167,146,100,170,158,94,148,150,105,138,142,110,154,143,104,158,141,102,165,145,100,202,154,77,183,149,87,161,153,103,210,150,63,157,147,108,138,129,113,140,127,113,176,145,90,146,135,114
129,134,114,138,121,113,137,97,111,133,93,103,136,93,110,135,116,118,132,117,119,135,111,118,138,110,113,129,85,102,129,108,118,133,107,113,129,97,106,133,117,116,137,136,115,138,139,115,148,136,108,152,134,109,170,143,93,156,140,101,143,136,108,144,127,104,140,113,113,133,103,116,136,108,115,128,86,99,129,88,98,135,113,116,134,111,114,140,119,113,130,103,104,130,98,104,135,120,120,140,127,113,143,138,113,143,136,113,133,128,116,134,121,117,145,132,109,161,133,97,149,133,108,144,130,110,135,125,114,133,120,115,136,128,115,137,121,114,132,126,115,139,127,111,152,136,106,143,130,111,132,132,116,134,127,114,143,120,107,140,120,110,135,115,116,135,91,95,131,81,91,135,119,120,139,123,115,137,121,114,142,131,114,142,129,112,145,121,106,145,131,111,146,144,115,189,155,84,155,141,105,136,126,118,150,137,108,170,154,93,140,128,112,134,121,118,135,117,120,136,125,115,134,114,117,137,117,119,137,114,113,133,108,113,141,128,113,145,121,108,149,129,108,139,94,102,137,104,105,138,111,116,132,119,118,130,117,119,145,137,110,139,136,112,165,150,99,160,143,101,161,143,99,163,142,104,154,148,107,139,135,112,145,135,114,160,148,105,204,155,74,184,153,90,199,161,81,186,154,85,164,148,102,170,149,99,161,139,103,152,138,106,151,134,104,147,130,113,133,123,116,129,126,119,136,129,115,142,138,112,137,133,113,149,141,107,145,139,111,152,147,106,146,146,111,133,132,115,148,131,107,142,132,115,145,137,114,180,150,90,156,138,107,152,137,116,176,143,93,133,134,118,135,107,112,132,105,114,141,137,111,139,119,114
139,150,113,138,131,113,139,111,110,136,101,109,135,102,115,133,122,117,136,123,115,136,118,117,141,124,114,134,103,116,131,123,120,134,117,117,133,108,112,135,123,115,145,140,112,148,141,108,155,136,104,133,130,113,152,141,102,157,139,101,144,133,109,144,129,108,134,115,117,134,111,118,136,111,119,131,86,97,131,94,106,134,120,117,139,121,115,153,122,108,137,108,106,132,106,108,134,122,117,141,127,113,140,137,112,135,132,115,135,124,115,138,119,115,148,130,111,145,128,110,143,129,111,142,127,119,142,120,117,141,116,117,133,127,123,134,118,118,138,120,117,140,123,115,142,131,114,145,123,112,140,121,112,131,123,120,141,118,115,141,121,114,139,115,113,133,99,109,136,94,106,139,121,116,152,132,110,143,128,114,137,130,113,138,133,113,144,124,113,140,133,114,143,138,114,180,153,91,148,142,111,137,118,113,135,132,118,162,151,99,140,124,113,142,121,113,132,115,118,141,126,113,139,120,117,135,123,118,137,126,116,137,118,114,146,141,113,155,132,106,158,130,100,137,105,116,134,102,107,135,108,114,135,123,119,139,117,110,151,133,109,146,132,109,155,144,103,140,135,113,142,130,112,132,126,119,142,132,113,132,108,115,133,108,116,142,125,113,168,137,90,147,136,114,151,144,106,140,139,112,131,124,119,127,132,121,132,121,119,136,116,115,131,120,118,135,116,117,134,109,116,134,111,117,134,115,118,134,119,114,136,120,119,141,130,114,136,121,116,145,128,109,137,121,112,134,106,112,136,109,111,141,118,115,142,128,117,158,142,101,146,137,113,149,137,113,184,142,83,156,135,104,140,109,109,133,117,117,149,138,105,137,125,115
156,163,103,143,140,109,139,123,112,137,125,119,135,126,118,149,136,108,156,140,107,148,132,111,157,137,104,131,119,120,137,133,115,139,125,113,144,119,111,145,130,110,163,146,104,170,148,100,166,142,101,147,129,105,160,143,101,158,137,102,140,129,116,140,127,116,142,110,109,136,108,113,140,102,108,126,73,83,131,89,102,132,121,118,134,121,116,145,125,115,143,112,108,142,111,111,139,124,115,141,129,116,150,145,108,152,136,105,142,135,110,152,135,110,173,148,96,177,148,94,181,151,90,179,157,95,174,151,93,173,150,97,190,152,82,172,148,94,166,149,101,167,149,97,180,157,91,168,148,97,142,139,110,140,136,111,131,130,119,134,133,118,132,122,118,135,108,117,135,97,110,135,117,117,151,126,106,137,123,115,134,121,116,140,128,114,142,119,109,143,133,115,141,135,114,173,149,93,142,139,111,139,118,115,133,132,119,153,150,103,141,118,109,142,117,112,141,114,111,145,125,111,141,123,116,135,120,115,135,117,114,139,115,112,144,136,110,151,133,110,158,133,102,135,106,115,134,103,117,134,105,117,136,121,119,144,112,107,147,132,115,152,130,107,155,138,102,144,134,114,145,131,113,142,133,117,145,134,109,133,110,116,138,108,109,142,124,113,178,132,88,148,134,112,150,145,109,139,137,112,131,121,118,130,127,117,132,113,114,130,113,116,133,119,114,140,116,113,136,113,113,139,123,117,135,130,118,141,136,110,138,132,114,162,143,103,147,135,109,156,139,108,157,134,108,140,124,118,140,128,114,131,129,118,132,135,121,173,149,93,139,138,116,142,134,112,174,134,80,155,126,101,136,96,101,142,107,108,131,130,116,130,119,116
141,146,112,134,127,114,131,102,108,133,110,116,133,116,115,148,129,108,154,139,107,153,133,111,168,132,95,142,115,110,138,126,112,137,120,119,135,109,116,144,129,115,165,144,103,177,148,94,173,148,99,149,134,106,175,147,92,169,145,94,149,140,109,147,138,109,149,127,111,136,116,116,134,116,117,133,98,108,134,107,113,152,131,107,139,129,114,135,134,115,136,128,115,137,127,118,142,139,114,142,139,115,156,147,104,144,138,113,142,133,113,137,126,119,151,138,110,153,136,106,150,143,108,147,143,108,139,131,114,138,126,113,144,134,111,135,131,116,133,130,118,139,129,110,152,142,102,156,140,103,151,137,107,145,140,109,142,133,113,143,133,110,132,132,117,132,112,116,138,98,111,131,114,121,141,123,111,133,116,114,134,118,114,138,127,114,142,127,115,147,137,108,144,137,112,184,149,85,157,144,103,144,128,112,142,133,111,167,151,95,143,122,114,134,123,116,135,119,117,132,133,116,127,131,119,134,131,116,130,123,114,134,122,115,157,143,103,146,138,111,155,145,104,130,119,119,128,122,122,124,122,121,134,133,115,142,126,114,155,142,106,168,147,99,182,144,84,159,140,103,148,141,110,144,133,108,143,140,110,130,117,120,136,114,115,137,128,115,154,143,108,145,143,113,159,149,98,143,141,107,134,127,117,136,134,115,137,116,114,131,121,117,133,131,117,144,125,113,142,121,117,129,126,117,144,132,113,160,145,100,156,145,106,185,155,82,174,148,94,170,155,91,167,147,95,142,140,113,148,140,107,137,141,113,143,142,105,192,155,81,159,142,106,157,137,104,174,139,89,153,138,109,137,112,120,135,117,118,143,133,107,136,126,111
163,161,98,156,141,105,139,127,114,141,133,114,155,133,101,170,140,90,187,152,81,173,146,91,174,140,94,144,127,116,145,130,109,137,109,116,133,100,110,139,123,117,143,136,112,155,142,104,142,144,113,132,122,116,146,139,109,151,138,107,134,132,117,127,129,118,139,121,115,137,102,110,137,103,113,127,79,94,133,94,107,139,122,115,139,117,115,136,120,117,134,120,118,125,117,122,145,133,112,151,134,109,159,145,104,154,139,108,147,142,114,130,127,117,146,139,111,151,136,106,165,142,96,168,143,96,140,135,114,144,123,110,148,125,106,140,126,112,143,125,110,140,125,113,144,136,106,140,134,111,138,134,113,140,134,113,134,126,114,143,131,112,133,130,117,139,111,115,135,96,113,129,115,120,135,125,117,135,120,115,136,117,114,136,127,117,142,125,116,142,133,113,138,135,114,168,147,99,156,143,105,137,127,118,134,130,116,168,147,96,138,119,118,134,125,119,135,121,117,139,134,111,142,140,110,138,137,114,129,128,116,133,127,116,152,145,104,138,135,112,153,136,103,134,117,118,132,115,119,129,119,120,130,129,119,134,118,118,137,133,115,160,142,104,171,145,96,140,133,112,135,135,115,135,129,115,137,132,111,137,111,112,134,104,110,138,121,117,138,136,113,146,141,112,165,144,97,150,139,107,139,122,115,142,125,111,140,112,116,139,114,115,135,122,115,142,107,111,135,86,99,127,81,90,133,84,103,136,114,117,133,114,118,145,138,110,139,131,111,143,138,109,141,134,108,133,127,118,140,132,115,141,129,112,141,135,107,194,153,79,148,141,107,142,131,110,158,140,102,148,144,108,137,113,115,134,112,112,142,129,109,130,119,115
148,151,109,143,136,110,141,118,115,135,122,118,139,115,110,148,128,103,168,142,89,162,134,99,145,138,113,137,120,118,139,125,115,135,93,107,131,80,95,130,115,121,139,126,115,149,138,109,144,137,109,132,115,117,142,136,111,144,139,110,136,132,114,131,136,118,131,127,117,136,115,119,139,114,116,126,85,95,132,95,106,132,119,115,130,112,118,134,113,119,131,111,117,129,115,118,130,123,117,135,123,117,137,135,114,138,129,116,137,126,115,135,111,117,136,119,116,134,120,110,157,126,96,151,134,105,141,125,111,138,116,111,137,115,114,132,125,121,137,121,117,137,116,115,137,131,115,130,124,118,132,124,120,131,123,118,136,111,112,136,119,116,140,128,112,137,104,109,135,97,108,131,119,120,149,130,109,141,133,113,143,131,114,145,135,111,151,136,109,166,144,100,156,143,109,184,152,88,181,148,89,154,130,102,146,137,113,160,149,98,135,122,118,134,127,119,136,118,116,133,130,115,146,137,113,141,132,113,136,124,117,138,123,114,150,142,105,141,135,110,137,131,112,132,112,118,138,108,114,133,110,118,138,118,116,133,99,113,131,120,120,133,128,116,149,133,106,138,125,113,141,130,113,139,124,113,145,129,109,143,110,113,136,109,117,133,126,119,156,138,104,158,133,101,176,145,92,169,138,98,147,123,108,152,128,105,143,117,115,144,120,112,144,118,107,143,101,101,139,73,81,131,69,84,127,68,85,135,101,111,137,100,107,142,126,113,143,121,115,137,121,110,134,114,110,135,107,114,137,108,108,137,95,96,135,94,101,142,137,112,135,114,115,135,103,109,138,120,113,138,128,112,132,90,102,136,92,93,134,119,116,131,109,118
132,136,119,144,128,111,137,106,117,133,109,115,138,103,111,140,120,112,151,140,105,149,130,111,145,131,110,135,116,119,137,125,116,130,90,103,130,80,93,137,118,116,135,126,119,146,136,111,144,122,110,135,100,110,139,130,117,145,132,111,137,125,115,136,132,115,133,129,117,140,109,113,144,111,111,135,91,100,135,105,116,136,122,112,139,118,115,138,117,116,141,115,114,135,113,112,134,123,115,134,123,117,146,140,112,134,130,115,144,136,112,137,120,117,138,122,115,138,118,104,152,133,99,165,140,96,157,136,104,151,132,107,152,134,109,170,145,100,168,139,97,154,139,105,163,144,95,144,137,106,136,140,114,141,141,111,139,129,115,135,129,115,152,140,106,140,116,109,138,108,113,136,123,116,151,130,108,142,134,112,136,132,115,131,132,117,138,132,113,153,143,107,143,136,111,159,144,99,157,145,104,148,129,112,139,125,115,151,146,103,136,116,119,137,114,111,133,102,108,129,130,120,135,139,116,141,136,112,135,129,118,138,125,113,166,146,102,144,137,113,144,134,109,125,117,120,131,114,118,130,117,120,130,126,121,137,110,119,130,125,121,138,131,114,153,135,109,140,126,114,138,135,114,141,127,113,152,134,105,135,123,119,137,126,117,154,142,107,185,148,86,191,149,81,211,156,64,196,151,71,161,127,91,144,134,110,133,123,119,138,121,112,138,128,116,141,107,112,136,80,89,132,82,93,130,88,101,134,112,116,135,108,116,132,129,118,141,126,114,147,126,110,135,114,113,138,111,115,144,105,107,130,82,88,132,86,101,141,119,115,137,88,100,132,73,84,136,100,105,146,111,111,135,77,85,135,99,106,131,121,116,129,116,120
145,161,110,147,145,106,134,126,116,140,131,113,145,127,114,149,139,109,185,150,92,178,141,95,165,141,102,152,133,109,159,141,105,135,120,118,134,113,114,135,137,113,143,145,110,185,154,90,174,144,98,151,133,110,189,148,86,205,144,72,183,141,85,167,146,98,163,143,101,150,117,109,143,112,113,131,88,100,132,96,109,134,117,113,136,102,107,138,99,101,139,99,110,130,98,101,133,103,105,131,112,117,137,129,115,140,122,114,144,128,112,138,110,115,135,106,118,136,105,112,137,116,113,132,125,117,135,101,100,122,74,78,125,75,75,135,103,98,135,111,112,135,115,114,145,129,110,137,121,114,130,127,121,128,128,119,131,110,116,136,119,117,149,127,108,143,100,98,133,82,94,134,99,111,136,110,116,130,120,121,136,114,117,135,118,116,132,124,120,138,139,114,138,131,118,141,141,112,136,138,112,136,118,116,133,110,117,136,139,115,138,101,110,139,98,98,135,96,101,142,130,112,139,139,113,148,133,110,144,129,114,140,132,115,164,145,99,139,139,114,145,138,111,135,128,118,136,127,117,130,131,120,138,138,112,134,120,117,138,130,113,149,139,107,150,142,108,134,133,117,139,141,112,136,129,116,144,127,108,141,115,116,136,110,116,142,123,113,155,134,107,144,135,113,165,149,99,153,147,100,140,117,111,135,116,112,132,104,116,136,105,111,138,121,115,140,100,112,134,84,98,139,90,104,135,98,108,132,117,118,136,118,118,144,134,111,132,125,113,137,130,111,143,119,111,137,116,118,143,107,112,134,89,92,141,94,105,144,125,118,140,97,108,135,88,101,143,106,109,144,114,115,133,81,100,138,104,113,142,123,109,151,126,107
152,160,111,150,147,108,138,125,115,136,131,116,136,127,117,151,138,107,179,151,92,164,144,99,154,139,105,148,135,111,151,141,108,138,121,115,133,105,106,146,136,108,155,144,105,180,149,88,157,143,107,146,125,111,155,143,105,168,146,95,152,140,107,152,143,107,159,139,104,142,120,118,142,110,115,139,85,96,133,94,108,139,120,112,134,92,103,132,93,100,139,100,111,135,112,115,138,112,114,136,122,116,138,138,113,136,130,114,151,139,108,144,129,113,131,123,120,139,121,114,150,132,109,155,138,104,144,124,118,131,90,93,126,75,76,133,97,91,134,106,108,135,118,117,136,118,109,136,112,107,148,124,109,138,126,114,139,108,111,138,112,113,146,130,113,141,101,111,132,74,90,133,92,108,133,101,108,131,126,120,139,109,109,139,113,113,135,121,118,140,137,114,141,128,115,136,134,112,135,134,115,140,116,115,132,109,120,141,141,115,135,94,104,138,88,91,139,94,99,136,136,118,142,140,109,139,134,112,140,128,115,138,127,116,157,145,103,135,134,115,135,125,113,138,117,114,137,109,113,144,116,111,143,118,113,137,89,103,134,105,114,135,121,117,136,128,114,133,122,120,135,136,116,134,123,118,138,114,111,129,90,101,136,99,112,134,112,115,139,122,115,139,121,118,143,140,112,148,142,106,139,108,110,131,102,113,131,84,101,134,90,107,133,113,115,135,96,114,133,83,101,135,87,106,135,84,91,133,105,115,131,103,115,131,117,118,137,118,112,136,122,113,135,116,117,134,118,119,133,118,117,133,110,118,138,111,117,137,129,115,134,111,118,138,104,116,138,107,112,140,105,111,133,80,100,133,99,114,130,122,118,129,123,121
163,169,104,170,151,93,141,127,115,138,128,113,134,121,118,133,133,116,144,143,108,148,132,107,142,132,113,142,127,115,145,135,112,137,116,119,138,101,113,137,132,115,141,136,112,151,140,106,141,130,115,138,106,113,143,124,111,145,130,108,143,132,113,146,139,110,154,140,107,137,118,117,142,107,111,133,77,94,134,93,111,143,113,109,134,94,107,136,97,104,132,98,112,136,116,119,138,115,116,137,123,116,145,136,115,133,127,118,141,138,111,140,126,113,141,121,118,144,112,110,141,128,114,154,136,105,142,125,116,147,107,109,142,90,95,140,111,109,136,114,113,135,124,117,143,120,109,132,105,102,142,118,106,149,121,106,136,100,104,135,109,117,135,125,116,136,95,106,133,77,95,130,93,106,134,103,110,137,131,116,136,117,118,132,119,116,139,125,113,147,139,112,133,131,120,136,136,112,144,140,110,137,120,114,139,117,120,146,142,113,136,96,105,135,89,101,138,100,106,145,133,113,156,142,104,161,132,105,149,132,110,152,126,106,170,139,92,141,127,112,135,108,99,132,99,96,129,96,101,145,116,111,139,116,117,129,81,96,137,100,109,136,118,116,136,128,117,133,119,119,136,134,117,129,123,120,143,112,110,134,100,109,137,106,115,130,120,120,132,130,119,137,131,116,159,149,102,179,150,86,144,125,116,138,123,118,134,112,118,138,123,120,142,139,112,142,127,118,139,114,118,138,115,117,137,109,114,140,124,114,142,125,114,141,134,110,144,136,111,139,137,112,136,131,116,146,132,109,136,134,117,131,130,118,133,118,113,142,131,111,145,115,110,139,110,116,144,105,109,140,99,111,132,75,91,136,92,104,133,118,117,140,115,107
146,149,113,160,144,103,138,119,116,149,128,109,139,123,114,153,144,107,174,152,93,160,141,103,149,142,109,140,141,111,154,142,101,141,126,113,138,117,118,148,138,109,147,134,109,152,141,108,135,122,121,136,91,105,136,108,113,139,116,111,140,121,111,146,130,107,149,138,110,147,115,115,134,99,109,127,73,89,138,89,104,140,114,112,136,96,106,132,103,115,139,111,112,146,125,110,143,127,112,147,138,112,159,148,103,148,142,108,171,154,95,160,148,103,152,139,104,154,136,106,183,144,88,189,147,84,166,143,102,155,129,110,140,122,120,147,129,113,135,123,116,131,125,121,136,114,114,136,103,110,141,115,110,138,116,112,133,95,106,138,107,116,141,120,112,133,94,99,130,87,99,138,107,111,141,118,115,157,139,104,148,133,115,152,135,105,165,138,99,174,147,95,147,139,110,149,144,106,152,147,106,139,134,113,137,130,118,180,152,93,140,116,114,140,113,115,139,120,114,165,147,100,191,148,80,186,141,84,166,141,101,162,136,100,186,143,81,151,135,107,144,120,111,140,118,115,133,113,114,135,131,117,137,126,114,131,96,106,139,108,109,142,125,112,142,135,113,148,132,111,164,142,101,151,135,108,142,124,113,137,117,115,136,116,118,129,124,117,133,130,118,140,130,114,155,143,101,165,146,96,132,126,125,138,106,113,133,86,100,133,103,117,134,130,116,132,115,118,139,103,107,137,109,113,133,114,121,132,124,116,134,122,117,144,137,113,143,138,113,143,142,110,147,131,109,153,133,106,146,135,110,138,130,113,138,117,112,136,127,114,139,115,109,139,116,117,140,110,117,140,107,115,138,89,102,140,97,104,136,119,118,150,114,96
124,150,123,138,137,113,135,101,111,140,110,112,137,112,115,137,133,115,153,141,105,139,126,111,140,132,116,139,132,114,154,133,102,136,120,117,140,118,117,150,135,109,136,128,115,130,133,116,136,111,116,129,84,102,134,106,114,131,117,120,138,121,116,139,132,115,147,136,110,144,113,113,143,102,111,130,79,97,134,92,109,141,111,111,133,85,96,133,96,100,136,106,107,138,126,117,135,128,117,130,138,116,148,145,106,144,141,114,163,149,101,164,146,99,150,140,112,151,142,109,173,155,96,176,158,94,165,152,102,154,139,107,157,138,108,180,148,96,162,146,101,160,148,100,155,143,102,136,135,114,152,143,107,152,136,107,133,118,116,131,118,118,138,132,115,132,106,114,137,99,108,137,113,115,131,125,121,156,146,102,140,131,114,152,133,107,163,143,103,188,152,87,161,139,103,162,150,102,172,151,95,147,137,109,144,135,114,179,156,91,136,118,115,142,104,113,137,105,111,142,138,115,158,147,103,148,135,106,138,137,114,135,134,117,161,146,103,145,135,113,140,124,117,138,119,115,137,122,120,147,132,110,145,125,109,137,97,106,130,118,121,133,128,115,137,135,114,141,131,114,167,146,101,155,133,105,147,121,110,132,117,119,134,113,116,130,124,119,135,128,117,146,128,114,158,143,100,174,149,93,140,126,114,143,101,108,129,73,91,136,99,116,133,128,120,135,112,114,134,108,116,135,117,117,136,121,116,143,132,109,142,134,114,160,143,101,161,143,99,158,146,99,151,139,108,165,138,99,163,142,100,153,140,107,133,130,117,132,136,114,134,128,117,136,128,115,133,126,118,132,121,120,136,101,113,140,97,108,130,121,120,129,110,112
136,183,110,154,161,102,146,116,107,142,119,108,134,112,117,142,132,110,139,150,106,147,126,109,143,131,113,145,132,117,151,144,108,132,126,109,142,120,113,149,158,111,144,147,114,155,155,104,141,124,113,140,104,111,139,124,117,135,137,120,156,141,110,146,153,112,156,163,99,138,129,112,143,118,118,138,86,105,137,93,113,146,114,109,136,82,93,131,96,110,136,109,119,133,138,117,133,137,116,145,140,107,165,165,100,155,154,111,196,169,77,181,157,90,145,154,108,149,143,104,196,160,83,179,172,97,165,162,97,152,145,113,156,144,107,172,154,102,163,147,101,139,149,108,152,137,103,128,126,118,143,146,117,157,133,109,139,103,111,137,97,99,143,119,104,142,98,105,141,81,98,151,102,105,142,113,114,163,156,98,143,140,115,174,140,98,144,138,108,189,158,90,157,144,112,163,154,94,175,160,92,147,144,111,136,127,114,156,164,101,133,115,122,141,100,115,138,95,117,146,141,117,151,147,111,163,140,101,153,141,108,137,138,119,164,160,101,155,145,102,140,124,108,162,126,99,155,119,108,158,139,105,147,121,110,134,88,98,141,117,116,145,139,112,152,148,111,164,148,105,186,171,88,190,158,85,156,148,110,138,144,108,133,138,117,139,146,110,135,147,114,142,134,116,158,153,100,182,167,88,144,137,120,148,102,101,133,76,96,141,100,114,151,141,107,131,121,120,139,120,115,138,130,122,136,117,114,140,129,117,142,124,117,151,137,115,148,124,102,137,134,111,137,110,103,166,129,105,149,144,112,158,150,105,144,127,111,135,140,115,139,133,114,143,138,115,140,136,118,134,139,120,143,116,116,140,99,116,133,110,106,171,91,85
